0.1375287771 23.01000000
0.1426848769 23.04000000
0.1227870509 23.08000000
0.1129483283 22.97000000
0.1403980851 23.04000000
0.1130910069 23.08000000
0.1192999408 23.03000000
0.1090232730 22.96000000
0.07572221011 22.98000000
0.08371714503 23.04000000
0.1177398264 23.08000000
0.1413674951 23.04000000
0.09025575966 22.87000000
0.1164880395 23.08000000
0.1092232019 23.02000000
0.1309251785 23.04000000
0.1295943409 23.05000000
0.1287932098 23.01000000
0.07545488328 22.98000000
0.1116119996 23.08000000
0.09807040542 23.04000000
0.1411899775 23.04000000
0.1158306450 23.08000000
0.09442025423 22.90000000
0.1086019129 23.02000000
0.1312592924 23.04000000
0.1290804744 23.01000000
0.07509531081 22.98000000
0.1298892349 23.05000000
0.1135534495 23.08000000
0.1175460443 23.04000000
0.1407867968 23.04000000
0.09510628134 22.89000000
0.1162531301 23.08000000
0.1086277962 23.03000000
0.1279614419 23.04000000
0.07496581972 22.98000000
0.1288102567 23.05000000
0.1273797750 23.01000000
0.1123555154 23.08000000
0.1212489083 23.04000000
0.1436462700 23.04000000
0.1177850664 23.08000000
0.09652030468 22.90000000
0.1088418663 23.03000000
0.1264672577 23.04000000
0.07492473722 22.98000000
0.1111504287 23.08000000
0.1277332902 23.05000000
0.1260111630 23.01000000
0.1205340326 23.04000000
0.1456593871 23.04000000
0.1172832102 23.08000000
0.09646746516 22.95000000
0.1088563874 23.03000000
0.1272384673 23.04000000
0.1022016183 23.01000000
0.1294289827 22.96000000
0.1173005104 22.94000000
0.09989789128 22.95000000
0.1029779017 23.01000000
0.1266450286 22.96000000
0.1162380055 22.94000000
0.09962754697 22.95000000
0.1016651168 23.01000000
0.1262176633 22.96000000
0.1152321920 22.94000000
0.1288046241 22.95000000
0.09958637506 23.01000000
0.1246201470 22.96000000
0.1156242639 22.94000000
0.1279719174 22.95000000
0.09973613918 23.01000000
0.1239453033 22.96000000
0.1158288121 22.94000000
0.08604025841 22.95000000
0.1030660048 23.01000000
0.1258523166 22.96000000
0.1147370115 22.94000000
0.1011349261 22.95000000
0.1033318788 23.01000000
0.1274407208 22.96000000
0.1153390110 22.94000000
0.1288407892 22.95000000
0.1029699892 23.01000000
0.1279450357 22.96000000
0.1165830120 22.94000000
0.1000756398 22.95000000
0.1058022827 23.01000000
0.1298285276 22.96000000
0.1196826324 22.94000000
0.08558730036 22.95000000
0.1056083292 23.01000000
0.1274622679 22.96000000
0.1214974821 22.94000000
0.1007454395 22.95000000
0.07505591959 22.98000000
0.1100645363 23.08000000
0.1302413940 23.05000000
0.1260106862 23.01000000
0.1198869273 23.04000000
0.1462600976 23.04000000
0.1171677485 23.08000000
0.1089227125 23.03000000
0.09587418288 22.90000000
0.1061670706 23.01000000
0.1275498718 22.96000000
0.1218203828 22.94000000
0.1268284321 22.95000000
0.1061617956 23.01000000
0.1277032495 22.96000000
0.1238661855 22.94000000
0.08543924987 22.95000000
0.1075581983 23.01000000
0.1266537160 22.96000000
0.1219411790 22.94000000
0.1021362096 22.95000000
0.1089984477 23.01000000
0.1259347498 22.96000000
0.1181969643 22.94000000
0.1008674502 22.95000000
0.1158217341 22.94000000
0.1133607030 22.96000000
0.1199091524 22.94000000
0.09622627497 22.97000000
0.1168282330 22.94000000
0.1070155799 23.01000000
0.1253810227 22.96000000
0.1164000556 22.94000000
0.1020192578 22.95000000
0.1158627570 22.94000000
0.1132143065 22.96000000
0.1201168299 22.94000000
0.09697550535 22.97000000
0.1163877398 22.94000000
0.1048760489 23.01000000
0.1260982007 22.96000000
0.1147248745 22.94000000
0.1010859162 22.95000000
0.1141216680 22.94000000
0.1107999831 22.96000000
0.1193357930 22.94000000
0.09690763801 22.97000000
0.1169469953 22.94000000
0.1086035296 23.01000000
0.1289203465 22.96000000
0.1145406812 22.94000000
0.1013848782 22.95000000
0.1150683314 22.94000000
0.1094369590 22.96000000
0.1191662252 22.94000000
0.09684093297 22.97000000
0.1176485494 22.94000000
0.09580288082 22.97000000
0.1151062101 23.01000000
0.1108195633 23.01000000
0.09596189857 22.97000000
0.08611737192 22.96000000
0.1214663386 22.94000000
0.1000953913 22.95000000
0.06524475664 22.99000000
0.1071587875 22.94000000
0.09490102530 22.97000000
0.1118368134 23.01000000
0.1106614843 23.01000000
0.09436646104 22.97000000
0.08573875576 22.96000000
0.1218679398 22.94000000
0.1230604500 22.98000000
0.05343389139 23.00000000
0.1432099044 22.96000000
0.09456536174 22.97000000
0.1127687991 23.01000000
0.1123828217 23.01000000
0.09607987851 22.97000000
0.08530355245 22.96000000
0.1198652685 22.94000000
0.1209893227 22.98000000
0.05345566943 23.00000000
0.1412059516 22.96000000
0.1279378831 23.04000000
0.07440815866 22.98000000
0.1316850334 23.05000000
0.1200750917 23.04000000
0.1264213771 23.01000000
0.1476018429 23.04000000
0.09482417256 22.97000000
0.1123442054 23.01000000
0.1129338369 23.01000000
0.09515360743 22.97000000
0.08611742407 22.96000000
0.1178602278 22.94000000
0.1187143400 22.98000000
0.05672541633 23.00000000
0.1431467980 22.96000000
0.09534201026 22.97000000
0.1128934175 23.01000000
0.1124919727 23.01000000
0.09465198219 22.97000000
0.08572920412 22.96000000
0.1187015101 22.94000000
0.1192969680 22.98000000
0.05264963210 23.00000000
0.1460131556 22.96000000
0.09601959586 22.97000000
0.1135927439 23.01000000
0.1115924045 23.01000000
0.1273562610 22.97000000
0.08518152684 22.96000000
0.1180434301 22.94000000
0.1206140965 22.98000000
0.06179476529 23.00000000
0.1525792629 22.96000000
0.09486944973 22.97000000
0.1127424166 23.01000000
0.1142773256 23.01000000
0.1265017241 22.97000000
0.09511141479 22.97000000
0.1116605401 23.01000000
0.1137993112 23.01000000
0.09299137443 22.97000000
0.09540850669 22.97000000
0.1107079759 23.01000000
0.1130697206 23.01000000
0.1274682283 22.97000000
0.09512630850 22.97000000
0.1106995791 23.01000000
0.1150018871 23.01000000
0.1214667857 22.94000000
0.09589669108 22.97000000
0.1110175624 23.01000000
0.1155999079 23.01000000
0.1212066263 22.94000000
0.09526651353 22.97000000
0.1100442410 23.01000000
0.1116979048 23.01000000
0.1200224310 22.94000000
0.09569218755 22.97000000
0.1097932160 23.01000000
0.1142237633 23.01000000
0.1194884777 22.94000000
0.1082268208 23.03000000
0.1151339933 23.08000000
0.09586105496 22.90000000
0.1260100007 23.04000000
0.07427082956 22.98000000
0.1204546243 23.04000000
0.1324324757 23.05000000
0.1488278806 23.04000000
0.1268903911 23.01000000
0.09653499722 22.97000000
0.1101945266 23.01000000
0.1165251136 23.01000000
0.1189167351 22.94000000
0.09472616017 22.97000000
0.1107977703 23.01000000
0.1163884550 23.01000000
0.1179273203 22.94000000
0.09336431324 22.97000000
0.1089145839 23.01000000
0.1142391935 23.01000000
0.1181310266 22.94000000
0.09184910357 22.97000000
0.1097990498 23.01000000
0.1162153482 23.01000000
0.1186275184 22.94000000
0.1189862862 23.02000000
0.1203046292 22.99000000
0.1281036735 23.01000000
0.08283872902 22.99000000
0.1184529513 23.02000000
0.1196327657 22.99000000
0.1274519265 23.01000000
0.08163347840 22.99000000
0.1173396558 23.02000000
0.1196222827 22.99000000
0.1279323995 23.01000000
0.08133327961 22.99000000
0.1167708859 23.02000000
0.1190561354 22.99000000
0.1264866292 23.01000000
0.08081353456 22.99000000
0.1152818799 23.02000000
0.1185278222 22.99000000
0.1266033798 23.01000000
0.08081401885 22.99000000
0.1158319190 23.02000000
0.1177967936 22.99000000
0.1288215518 23.01000000
0.08033543825 22.99000000
0.1163526252 23.02000000
0.1170590073 22.99000000
0.1075434908 23.03000000
0.1154766381 23.08000000
0.1249125004 23.04000000
0.09423995018 22.89000000
0.1356690526 23.03000000
0.1208503470 23.04000000
0.1333198547 23.05000000
0.1235267743 23.04000000
0.1282778233 23.01000000
0.1296745986 23.01000000
0.08043610305 22.99000000
0.1168945432 23.02000000
0.1289008856 23.01000000
0.08113609254 22.99000000
0.1163410395 23.02000000
0.1269972026 23.01000000
0.08157795668 22.99000000
0.1162110269 23.02000000
0.1284410655 23.01000000
0.08135259151 22.99000000
0.1160107553 23.02000000
0.1288677752 23.01000000
0.08049859852 22.99000000
0.1160698831 23.02000000
0.1268353313 23.01000000
0.08064091206 22.99000000
0.1155744493 23.02000000
0.1278501600 23.01000000
0.08064743876 22.99000000
0.1147684604 23.02000000
0.1272333562 23.01000000
0.08048422635 22.99000000
0.1143864617 23.02000000
0.1277681291 23.01000000
0.08000941575 22.99000000
0.1155321673 23.02000000
0.1738493294 23.01000000
0.08014580607 22.99000000
0.1118588299 23.02000000
0.1291583627 23.01000000
0.07982040197 22.99000000
0.1143853962 22.98000000
0.1063254625 23.03000000
0.1153321713 23.08000000
0.1346152127 23.03000000
0.09810440987 22.95000000
0.08597178012 22.91000000
0.1218399033 23.04000000
0.1349318475 23.05000000
0.1080023125 23.02000000
0.1430272311 23.04000000
0.1259879172 23.08000000
0.1134611517 22.97000000
0.1404940337 23.04000000
0.1138586700 23.08000000
0.1187107712 23.03000000
0.08765280247 22.99000000
0.1074410230 23.01000000
0.07941752672 22.97000000
0.1296365857 22.96000000
0.1062341332 22.99000000
0.1069879159 23.01000000
0.07304096222 22.97000000
0.1288110614 22.96000000
0.08752946556 22.99000000
0.1071686894 23.01000000
0.07846679538 22.97000000
0.1305689812 22.96000000
0.08781263977 22.99000000
0.1074859351 23.01000000
0.08695763350 22.97000000
0.1317012012 22.96000000
0.08731607348 22.99000000
0.1083726361 23.01000000
0.07825752348 22.97000000
0.1311704516 22.96000000
0.1049800366 22.99000000
0.1090295166 23.01000000
0.07234885544 22.97000000
0.1310982108 22.96000000
0.08761586249 22.99000000
0.1083527878 23.01000000
0.07805954665 22.97000000
0.1329507828 22.96000000
0.08807452023 22.99000000
0.1087517440 23.01000000
0.07127564400 22.97000000
0.1330116987 22.96000000
0.09668736160 22.90000000
0.1085388139 23.01000000
0.07139211893 22.97000000
0.1352929175 22.96000000
0.09733343124 22.92000000
0.1086571962 23.01000000
0.08544232696 22.97000000
0.1328732520 22.96000000
0.1292488724 23.01000000
0.1141445637 22.98000000
0.05699328333 23.05000000
0.1161026582 23.08000000
0.1345237046 23.03000000
0.1007325053 22.99000000
0.08791656792 23.00000000
0.08743496239 22.99000000
0.1087898016 23.01000000
0.08628176898 22.97000000
0.1324332207 22.96000000
0.1052701399 22.99000000
0.1094797775 23.01000000
0.08506950736 22.97000000
0.1309156418 22.96000000
0.1059482545 22.99000000
0.1082402021 23.01000000
0.07763387263 22.97000000
0.1308470964 22.96000000
0.1060545444 22.99000000
0.1077876985 23.01000000
0.07575708628 22.97000000
0.1308666021 22.96000000
0.1054577529 22.99000000
0.1080149934 23.01000000
0.06949026138 22.97000000
0.1286198795 22.96000000
0.1053518727 22.99000000
0.1083279774 23.01000000
0.07610449940 22.97000000
0.1733476818 22.96000000
0.1050959006 22.99000000
0.1080925837 23.01000000
0.06838509440 22.97000000
0.1301229447 22.96000000
0.1173714250 22.96000000
0.1204680055 22.96000000
0.1062660143 22.94000000
0.07151464373 22.95000000
0.1148462296 22.96000000
0.1200722829 22.96000000
0.1064310893 22.94000000
0.07100838423 22.95000000
0.1134505123 22.96000000
0.1195940077 22.96000000
0.1064299345 22.94000000
0.07117363811 22.95000000
0.1198100001 23.04000000
0.09708346426 23.06000000
0.1376745999 23.05000000
0.1301601827 23.01000000
0.1147728562 22.98000000
0.04661275819 23.06000000
0.1340393275 23.03000000
0.1232700050 23.00000000
0.09894935042 22.99000000
0.1131422594 22.96000000
0.1181654334 22.96000000
0.1067757905 22.94000000
0.07138845325 22.95000000
0.1133375764 22.96000000
0.1187819168 22.96000000
0.1061847657 22.94000000
0.07097423822 22.95000000
0.1152605563 22.96000000
0.1168893278 22.96000000
0.1062518805 22.94000000
0.07113307714 22.95000000
0.1151885390 22.96000000
0.1135395467 22.96000000
0.1067930460 22.94000000
0.07124549150 22.95000000
0.1149105579 22.96000000
0.1132605672 22.96000000
0.1070936024 22.94000000
0.07242628932 22.95000000
0.1172927469 22.96000000
0.1141001582 22.96000000
0.1092564091 22.93000000
0.07472798228 22.95000000
0.1148145646 22.96000000
0.1119492874 22.96000000
0.1082453206 22.93000000
0.07333322614 22.95000000
0.1150057763 22.96000000
0.1134797186 22.96000000
0.1079939753 22.93000000
0.07365094125 22.95000000
0.1141232848 22.96000000
0.1125212163 22.96000000
0.1084468961 22.93000000
0.07491084188 22.95000000
0.1137089133 22.96000000
0.1116117388 22.96000000
0.1089980304 22.93000000
0.07684981823 22.95000000
0.1194236726 23.04000000
0.08832323551 23.00000000
0.09630127251 23.06000000
0.1286094487 22.97000000
0.1306398511 23.01000000
0.1127692685 22.98000000
0.05079609901 23.06000000
0.1336550862 23.03000000
0.09940727055 23.00000000
0.09786932915 22.96000000
0.1114374697 22.96000000
0.1123251766 22.96000000
0.1092194319 22.93000000
0.07677508146 22.95000000
0.1120856777 22.96000000
0.1131353825 22.96000000
0.1091432869 22.93000000
0.07630392164 22.95000000
0.1104377359 22.96000000
0.1141276062 22.96000000
0.1088564843 22.93000000
0.07560600340 22.95000000
0.1182603091 23.04000000
0.08624248207 22.90000000
0.08222561330 23.06000000
0.1260731816 22.97000000
0.08038845658 22.97000000
0.1103590652 22.98000000
0.1348046511 23.03000000
0.05138703063 23.06000000
0.1206273139 23.00000000
0.09913411736 22.96000000
0.1171074137 23.04000000
0.09285659343 23.04000000
0.08166100830 23.06000000
0.1246974170 22.97000000
0.1110226959 22.98000000
0.08010101318 22.97000000
0.1342562586 23.03000000
0.05017947406 23.06000000
0.1197319031 23.00000000
0.1368293166 22.96000000
0.09992447495 22.96000000
0.1160159782 23.04000000
0.09321475029 23.00000000
0.08201342076 23.06000000
0.1243536025 22.97000000
0.1330979317 23.03000000
0.1122292876 22.98000000
0.05681473762 23.05000000
0.07962910831 22.97000000
0.1197484136 23.00000000
0.1010737494 22.96000000
0.1356749833 22.96000000
0.1160124540 23.04000000
0.08992400765 22.92000000
0.08172257990 23.06000000
0.1221621707 22.97000000
0.1327117383 23.03000000
0.1118500605 22.98000000
0.05692026019 23.05000000
0.08008719981 22.97000000
0.1197917759 23.00000000
0.1144479662 23.04000000
0.08495378494 22.85000000
0.1025646999 22.96000000
0.1335743666 22.96000000
0.08179911226 23.06000000
0.1229357198 22.97000000
0.1323323101 23.03000000
0.1136042923 22.98000000
0.05698228255 23.05000000
0.08007958531 22.97000000
0.1204065904 23.00000000
0.1141113788 23.04000000
0.09359939396 23.00000000
0.1022898704 22.96000000
0.1347541511 22.95000000
0.08225034177 23.06000000
0.1318662167 23.03000000
0.1228567734 22.97000000
0.1139888614 22.98000000
0.05708559230 23.05000000
0.1200329214 23.00000000
0.08080810308 22.97000000
0.1130129695 23.04000000
0.09432202578 23.04000000
0.07663223147 22.98000000
0.08398836851 23.04000000
0.1093079150 22.96000000
0.1178255305 23.08000000
0.1403725594 23.04000000
0.1093159690 23.02000000
0.1293125898 23.05000000
0.1398036629 23.04000000
0.1153367162 22.97000000
0.1127217710 23.08000000
0.09507834911 22.95000000
0.1021659151 22.96000000
0.1332290769 22.96000000
0.08272719383 23.06000000
0.1310752034 23.03000000
0.1136822477 22.98000000
0.1241835356 22.97000000
0.05749533698 23.05000000
0.08167884499 22.97000000
0.1204106361 23.00000000
0.1153458804 23.04000000
0.09251771867 23.01000000
0.1031491011 22.96000000
0.08247524500 23.06000000
0.1325036138 22.95000000
0.1309117377 23.03000000
0.1158212721 22.98000000
0.1252757460 22.97000000
0.05720648170 23.05000000
0.1192979887 23.00000000
0.08136393130 22.97000000
0.09480070323 23.01000000
0.1232747808 22.98000000
0.1228391752 22.97000000
0.1069792584 23.03000000
0.08418194950 23.03000000
0.1109310240 23.03000000
0.08269752562 23.05000000
0.08296835423 23.08000000
0.1155181974 23.04000000
0.08971747011 22.91000000
0.1026549116 22.96000000
0.1305478513 23.03000000
0.1339142919 22.95000000
0.1152072772 22.98000000
0.1226113737 22.97000000
0.05698777735 23.05000000
0.08944677562 23.02000000
0.1268595755 23.03000000
0.08285584301 23.01000000
0.1220609918 22.98000000
0.1214093044 22.97000000
0.1052944362 23.03000000
0.08380047977 23.03000000
0.1113078073 23.03000000
0.08269561827 23.05000000
0.1145024672 23.08000000
0.09020750970 23.02000000
0.1245934367 23.03000000
0.1267613769 23.01000000
0.1246980801 22.97000000
0.1176464558 22.98000000
0.1036685780 23.03000000
0.08375465870 23.03000000
0.1085101515 23.03000000
0.08222334832 23.05000000
0.1153993756 23.08000000
0.09022523463 23.02000000
0.1227723509 23.03000000
0.1216780245 22.97000000
0.1305163205 23.01000000
0.1022910848 23.03000000
0.1171618551 22.98000000
0.08318571001 23.03000000
0.1091456413 23.03000000
0.08206190914 23.05000000
0.1135485470 23.08000000
0.1004989743 23.02000000
0.1210920066 23.03000000
0.1214698255 22.97000000
0.1015077680 23.03000000
0.1268529445 23.01000000
0.08327808976 23.03000000
0.1191824451 22.98000000
0.1080353260 23.03000000
0.08160914481 23.04000000
0.1134741604 23.08000000
0.1016543284 23.02000000
0.1223027781 22.97000000
0.1211652309 23.03000000
0.1005022302 23.03000000
0.09722287208 23.03000000
0.1246225387 23.01000000
0.1486666054 23.03000000
0.1157716289 22.98000000
0.08144976199 23.04000000
0.1130285710 23.08000000
0.1007906944 23.02000000
0.1230252683 22.97000000
0.1005754694 23.03000000
0.09660558403 23.03000000
0.08198876679 23.03000000
0.1478622705 23.03000000
0.09640721232 23.01000000
0.1139412746 22.98000000
0.08109162748 23.04000000
0.1135337502 23.08000000
0.09978096932 23.02000000
0.1228717864 22.97000000
0.1002476066 23.03000000
0.08178734779 23.03000000
0.1180703416 23.03000000
0.08566051722 23.03000000
0.08183347434 23.01000000
0.1140876114 22.98000000
0.08134073019 23.04000000
0.1124105379 23.08000000
0.1232089326 22.97000000
0.09974120557 23.02000000
0.09937451780 23.03000000
0.1705611348 23.03000000
0.1168853045 23.03000000
0.07344424725 23.03000000
0.09628549218 23.01000000
0.08130562305 23.04000000
0.1116208956 22.98000000
0.1134391353 23.08000000
0.1238329187 22.97000000
0.09910939634 23.03000000
0.1175799593 23.02000000
0.1083054543 23.03000000
0.1085505337 23.03000000
0.1162972748 23.03000000
0.08287610114 23.01000000
0.1139205694 23.04000000
0.1195367053 23.00000000
0.08122599870 22.97000000
0.08995293081 22.92000000
0.1311044991 23.03000000
0.1030465364 22.96000000
0.1165094897 22.98000000
0.1353940517 22.95000000
0.1217297241 22.97000000
0.06614915282 23.05000000
0.08142039180 23.04000000
0.1117252037 22.98000000
0.1146703437 23.08000000
0.1254982799 22.97000000
0.09982821345 23.03000000
0.1013868675 23.02000000
0.1075375751 23.03000000
0.1074155197 23.03000000
0.09333972633 23.03000000
0.1255388111 23.01000000
0.08092733473 23.04000000
0.1122346967 22.98000000
0.07497223467 22.98000000
0.1142358780 23.08000000
0.1343196630 23.01000000
0.09922124445 23.02000000
0.05428190529 23.01000000
0.06880816072 23.03000000
0.07202101499 23.05000000
0.08249755204 23.03000000
0.1149140298 23.08000000
0.1266839206 23.01000000
0.07279406488 22.98000000
0.1291093975 23.07000000
0.1317117810 23.01000000
0.1098416820 22.98000000
0.1208497435 23.08000000
0.06115683168 23.01000000
0.08947512507 23.03000000
0.05849094689 23.04000000
0.08865763247 23.05000000
0.1131582260 23.08000000
0.07798442990 22.98000000
0.1174043342 22.97000000
0.1338141412 23.01000000
0.1285465360 23.07000000
0.06888768077 22.97000000
0.05592771620 22.97000000
0.1226718351 23.08000000
0.09146151692 23.03000000
0.06588934362 23.04000000
0.07130771130 22.98000000
0.1126962677 23.08000000
0.1171023026 22.97000000
0.1331738681 23.01000000
0.1276753545 23.07000000
0.05595387518 22.97000000
0.06784731150 22.97000000
0.1230083257 23.08000000
0.09072321653 23.03000000
0.06567025930 23.04000000
0.1296647191 23.04000000
0.07763991505 22.98000000
0.1128375903 23.08000000
0.1336330175 23.01000000
0.1174322739 22.97000000
0.1251134276 23.07000000
0.06065120548 22.98000000
0.1227352992 23.08000000
0.06761294603 22.97000000
0.09119332582 23.03000000
0.06938094646 23.04000000
0.1243645623 23.01000000
0.07656420022 22.98000000
0.1112568825 23.08000000
0.1311480105 23.01000000
0.1205653548 23.07000000
0.1175192073 22.97000000
0.05601394176 22.97000000
0.1251854897 23.08000000
0.06786684692 22.97000000
0.09101796895 23.03000000
0.1237522960 23.01000000
0.09311824292 23.03000000
0.07684072107 22.98000000
0.1103943735 23.08000000
0.1322564334 23.01000000
0.05548885092 22.96000000
0.1177730858 23.07000000
0.1158248708 22.97000000
0.08997900784 23.03000000
0.1242279038 23.08000000
0.06777642667 22.97000000
0.1255958080 23.01000000
0.08107554168 23.03000000
0.07185648382 22.98000000
0.1108438745 23.08000000
0.1294584423 23.01000000
0.1175706238 23.07000000
0.05508127809 22.98000000
0.1142683253 22.97000000
0.08995283395 23.03000000
0.1225759163 23.08000000
0.08000567555 22.97000000
0.1139400005 23.04000000
0.1197545677 23.00000000
0.09198517352 23.04000000
0.08079147339 22.97000000
0.1325148642 23.03000000
0.1263422817 23.04000000
0.1033534855 22.96000000
0.1148740947 22.98000000
0.1345512122 22.95000000
0.1277422309 23.01000000
0.08102954924 23.03000000
0.09153661132 22.98000000
0.1265828162 23.01000000
0.1103573442 23.08000000
0.06127691269 22.96000000
0.1177542359 23.07000000
0.1138471365 22.97000000
0.08914056420 23.03000000
0.1222408712 23.08000000
0.1323171556 23.01000000
0.07902513444 22.97000000
0.1090995744 22.98000000
0.09170193970 23.03000000
0.1297027171 23.01000000
0.1103482023 23.08000000
0.05887430161 23.02000000
0.1175812632 23.07000000
0.08824214339 23.03000000
0.1136613786 22.97000000
0.1225373670 23.08000000
0.1073547676 22.98000000
0.1328574121 23.01000000
0.1107324138 22.96000000
0.08120516688 23.03000000
0.1298253536 23.01000000
0.1093620285 23.08000000
0.06185298041 23.02000000
0.1197073385 23.08000000
0.08884812891 23.03000000
0.1141006202 22.97000000
0.1238906607 23.08000000
0.1057168916 22.98000000
0.1330630332 23.01000000
0.1119554937 22.96000000
0.1311909258 23.01000000
0.09259359539 23.03000000
0.1087956131 23.08000000
0.06007448956 22.97000000
0.1194988787 23.08000000
0.08853422850 23.03000000
0.1126796976 22.97000000
0.1053807437 22.98000000
0.1239383146 23.08000000
0.1340533495 23.01000000
0.1316054165 23.01000000
0.1193268150 23.03000000
0.1111957133 22.96000000
0.1098595336 23.08000000
0.06111070141 23.00000000
0.1177056655 23.08000000
0.08961521834 23.03000000
0.1050462425 22.98000000
0.1232492626 23.08000000
0.1127290726 22.97000000
0.1352615207 23.01000000
0.1315348744 23.01000000
0.1200968027 23.03000000
0.1108008474 22.96000000
0.1096917540 23.08000000
0.05968395248 22.96000000
0.1165460944 23.08000000
0.09060780704 23.03000000
0.1045627519 22.98000000
0.1336994767 23.01000000
0.1240627319 23.08000000
0.1126446500 22.97000000
0.1324058026 23.01000000
0.1192199290 23.03000000
0.1104061827 23.08000000
0.06009169295 22.96000000
0.1107330024 22.96000000
0.09153451771 23.03000000
0.1163828298 23.08000000
0.1035937816 22.98000000
0.1233101264 23.08000000
0.1348547339 23.01000000
0.1124129891 22.97000000
0.1320819706 23.01000000
0.1111242399 23.08000000
0.1203104407 23.03000000
0.06026490033 22.96000000
0.1102046967 22.96000000
0.1066963673 23.03000000
0.1157322600 23.08000000
0.1035252512 22.98000000
0.1360460669 23.01000000
0.1228115037 23.08000000
0.1316143870 23.01000000
0.1125216186 22.97000000
0.06078841165 22.97000000
0.1108199134 23.08000000
0.1199124083 23.03000000
0.1089430898 22.96000000
0.09172289073 23.03000000
0.1162129939 23.08000000
0.07578411698 22.98000000
0.08363643289 23.05000000
0.1225334182 22.97000000
0.1128717735 23.04000000
0.1203064695 23.00000000
0.08829583973 22.90000000
0.08024161309 22.97000000
0.1338906884 23.03000000
0.1262010634 23.04000000
0.1044861674 22.96000000
0.1150152683 22.98000000
0.1350651085 22.95000000
0.08245279640 23.05000000
0.1222093850 22.97000000
0.1122478321 23.04000000
0.1216256544 23.00000000
0.08295762539 22.83000000
0.09163970500 22.97000000
0.1102934256 22.99000000
0.1278026104 23.04000000
0.1156522557 22.98000000
0.1058376953 22.96000000
0.08219937235 23.05000000
0.1207123622 22.97000000
0.1358768791 22.95000000
0.07760892063 22.98000000
0.08624047041 22.87000000
0.1215421334 23.00000000
0.1061804220 22.99000000
0.08019797504 22.97000000
0.1269341409 23.04000000
0.1060232818 22.96000000
0.08143479377 23.05000000
0.07962076366 22.98000000
0.1187356934 22.97000000
0.1337159276 22.95000000
0.1083710119 22.97000000
0.1198419780 23.00000000
0.1017765999 22.99000000
0.09323889017 22.97000000
0.1271208078 23.04000000
0.1077390462 22.96000000
0.08174939454 23.00000000
0.07818791270 22.98000000
0.1164008155 22.97000000
0.1340091377 22.95000000
0.1065594703 22.97000000
0.07660049200 22.98000000
0.08469886333 23.04000000
0.1172263622 23.08000000
0.1101818308 22.96000000
0.1346588731 23.01000000
0.1426022202 23.04000000
0.1093967408 23.02000000
0.1279947609 23.05000000
0.1380864978 23.04000000
0.1115396023 23.08000000
0.1190946996 23.00000000
0.09912284464 22.99000000
0.08203642070 22.97000000
0.1110189408 22.96000000
0.1087650806 22.96000000
0.07779658586 22.98000000
0.1187026426 23.00000000
0.09319333732 22.97000000
0.1069404110 22.97000000
0.1329306662 22.95000000
0.1031865105 22.96000000
0.09753414243 22.99000000
0.1103137583 22.96000000
0.08027998358 22.97000000
0.1097065061 22.96000000
0.07778798044 22.98000000
0.1163607612 23.00000000
0.1159584448 22.98000000
0.1063479260 22.97000000
0.09768786281 22.99000000
0.1313099563 22.95000000
0.1037333831 22.96000000
0.1093836501 22.96000000
0.09319081903 22.97000000
0.07761536539 22.98000000
0.1163579375 23.00000000
0.06450025737 22.99000000
0.1130715832 22.98000000
0.09905104339 22.99000000
0.1064284593 22.97000000
0.1032368988 22.96000000
0.1291162670 22.95000000
0.1098042578 22.96000000
0.1280052066 23.03000000
0.07753556967 22.98000000
0.1161220819 23.00000000
0.06413540244 22.99000000
0.1141204163 22.98000000
0.09977785498 22.99000000
0.1074584424 22.97000000
0.1027932912 22.96000000
0.1312513500 22.95000000
0.1118712500 22.97000000
0.1092892587 22.96000000
0.1270651221 23.03000000
0.07674928010 22.98000000
0.09294304997 23.00000000
0.06422058493 22.99000000
0.1104022413 22.99000000
0.1075934470 22.97000000
0.1151038408 22.98000000
0.1036472917 22.96000000
0.1028835773 22.97000000
0.1086710095 22.96000000
0.1103540808 22.97000000
0.07687886059 22.98000000
0.1268989593 23.03000000
0.07961476594 23.00000000
0.06394604594 22.99000000
0.1107296348 22.99000000
0.1073155925 22.97000000
0.1157729700 22.98000000
0.1039295569 22.96000000
0.1078535020 22.96000000
0.1013559997 22.97000000
0.1091957688 22.97000000
0.07635136694 22.98000000
0.07877338678 23.00000000
0.1257997751 23.03000000
0.06380687654 22.99000000
0.1124852672 22.99000000
0.1095014438 22.97000000
0.1156114712 22.98000000
0.1035550684 22.96000000
0.1094590724 22.96000000
0.1003924608 22.97000000
0.07585130632 22.98000000
0.1098205000 22.97000000
0.07976081222 23.00000000
0.1247455254 23.03000000
0.06267498434 22.99000000
0.1144591272 22.99000000
0.1104684025 22.97000000
0.1185716465 22.98000000
0.1024173051 22.96000000
0.1112539023 22.96000000
0.07594704628 22.98000000
0.09979215264 22.97000000
0.1095350534 22.97000000
0.07912089676 23.00000000
0.1238703579 23.03000000
0.1148826107 22.99000000
0.06118515879 22.99000000
0.09337531030 22.89000000
0.07617328316 22.98000000
0.08439368755 23.04000000
0.1176577434 23.08000000
0.1403207779 23.04000000
0.1085330099 23.02000000
0.1331745386 23.01000000
0.1269970834 23.05000000
0.1385397017 23.04000000
0.1101391613 22.97000000
0.1203530133 22.98000000
0.1019693464 22.96000000
0.1104423031 22.96000000
0.07533498853 22.98000000
0.1013306379 22.97000000
0.1098341197 22.97000000
0.1140832230 22.99000000
0.1230739951 23.03000000
0.1097871736 22.97000000
0.06058310345 22.99000000
0.1198744625 22.98000000
0.1017601639 22.96000000
0.07545945048 22.98000000
0.1101615950 22.96000000
0.09179462492 23.00000000
0.1015356928 22.97000000
0.1127777249 22.99000000
0.1224830747 23.03000000
0.1102063060 22.97000000
0.06191848963 22.99000000
0.1192484424 22.98000000
0.1011814177 22.96000000
0.07519457489 22.98000000
0.1103001833 22.96000000
0.07800295949 23.00000000
0.1129802018 22.99000000
0.1002404094 22.97000000
0.06304754317 23.00000000
0.1106093377 22.97000000
0.1261350662 23.03000000
0.06183753535 22.99000000
0.1209868342 23.00000000
0.1001167893 23.02000000
0.1362914145 22.96000000
0.1061764807 23.00000000
0.1181080937 23.00000000
0.1025479212 23.02000000
0.1351445317 22.96000000
0.1048842967 23.00000000
0.1152561009 23.00000000
0.1023654565 23.02000000
0.1345397234 22.96000000
0.1030897126 23.00000000
0.1163296774 23.00000000
0.1007481664 23.02000000
0.1355974674 22.96000000
0.1030585840 23.00000000
0.1155629531 23.00000000
0.1112450957 23.08000000
0.07561535388 22.98000000
0.08461610973 23.04000000
0.09430090338 22.91000000
0.1174082756 23.08000000
0.1400634944 23.04000000
0.1092687771 23.02000000
0.1335673481 23.01000000
0.1006258354 23.02000000
0.1353151798 22.96000000
0.1021429077 23.00000000
0.1355440170 23.04000000
0.1265030652 23.05000000
0.1128429919 23.08000000
0.07534532994 22.98000000
0.08517061174 23.04000000
0.09651181847 22.99000000
0.1173586771 23.08000000
0.1399824172 23.04000000
0.1091081649 23.02000000
0.1316325963 23.01000000
0.1353322268 23.04000000
0.1267447770 23.05000000
0.1136104465 23.08000000
0.09150177985 22.98000000
0.08550713956 23.04000000
0.09502390772 22.95000000
0.1412579417 23.04000000
0.1163595319 23.08000000
0.1095077768 23.02000000
0.1312761158 23.01000000
0.1358198822 23.04000000
0.1319838911 23.05000000
0.07569080591 22.98000000
0.1130168885 23.08000000
0.08551426232 23.04000000
0.09532102197 22.99000000
0.1388920844 23.04000000
0.1160958558 23.08000000
0.1102774441 23.02000000
0.1331519186 23.04000000
0.1298094094 23.01000000
0.1294007152 23.05000000
0.07538516819 22.98000000
0.1116463393 23.08000000
0.08565591276 23.04000000
