0.06408832222 24.80000000
0.06533151120 24.82000000
0.06270381808 24.83000000
0.05970155448 24.81000000
0.06796025485 24.84000000
0.06192811206 24.85000000
0.06142084673 24.82000000
0.06431498379 24.82000000
0.04594167322 24.83000000
0.04323720187 24.82000000
0.06631687284 24.82000000
0.06411939859 24.82000000
0.04521567747 24.85000000
0.06130907312 24.82000000
0.06308298558 24.80000000
0.08792850375 24.84000000
0.06034890935 24.81000000
0.05616912246 24.78000000
0.03770224005 24.83000000
0.05919772387 24.84000000
0.06247168779 24.82000000
0.06418495625 24.82000000
0.06078444421 24.82000000
0.04498416930 24.85000000
0.06297360361 24.80000000
0.09112885594 24.84000000
0.05610287189 24.78000000
0.04099052772 24.83000000
0.06061332300 24.81000000
0.05958055332 24.84000000
0.05006979778 24.82000000
0.06417641044 24.82000000
0.05336272717 24.85000000
0.06098425016 24.82000000
0.06338827312 24.80000000
0.09408463538 24.84000000
0.03734584525 24.83000000
0.06018751115 24.81000000
0.05709415302 24.78000000
0.05968465284 24.84000000
0.04297425598 24.82000000
0.06471084803 24.82000000
0.06022805721 24.82000000
0.06485222280 24.85000000
0.06362262368 24.80000000
0.09718335420 24.84000000
0.04595381767 24.83000000
0.05981515348 24.84000000
0.06013514474 24.81000000
0.05612325668 24.78000000
0.06196875870 24.82000000
0.06416115910 24.82000000
0.06007497013 24.82000000
0.06522125006 24.85000000
0.06578852236 24.80000000
0.09969449043 24.84000000
0.06366394460 24.85000000
0.06294341385 24.88000000
0.06253494322 24.82000000
0.06426727772 24.82000000
0.06345991790 24.85000000
0.06305410713 24.88000000
0.06234733015 24.82000000
0.06339845061 24.82000000
0.06391564757 24.85000000
0.06321042776 24.88000000
0.06265166402 24.82000000
0.06302140653 24.82000000
0.06370656192 24.85000000
0.06287907064 24.88000000
0.06292007864 24.82000000
0.06339102238 24.82000000
0.06402623653 24.85000000
0.06348636746 24.88000000
0.06291545928 24.82000000
0.06358665228 24.82000000
0.06411870569 24.85000000
0.06420968473 24.88000000
0.06322985888 24.82000000
0.06397011876 24.82000000
0.06433269382 24.85000000
0.06420860440 24.88000000
0.06343220919 24.82000000
0.06381049752 24.82000000
0.06527400762 24.85000000
0.06497602910 24.88000000
0.06324872375 24.82000000
0.06369852275 24.82000000
0.06389081478 24.85000000
0.06459186971 24.88000000
0.06294650584 24.82000000
0.06508092582 24.82000000
0.06355413795 24.85000000
0.06437505782 24.88000000
0.06249269098 24.82000000
0.06373444200 24.82000000
0.04594077170 24.83000000
0.05998335034 24.84000000
0.05990833044 24.81000000
0.05632539466 24.78000000
0.06181118637 24.82000000
0.06430022418 24.82000000
0.06075324863 24.83000000
0.06371954829 24.80000000
0.06504145265 24.85000000
0.06363288313 24.85000000
0.06442958117 24.88000000
0.06266447902 24.82000000
0.06348464638 24.82000000
0.06337370723 24.85000000
0.06437720358 24.88000000
0.06253832579 24.82000000
0.06357165426 24.82000000
0.06391480565 24.85000000
0.06517662853 24.88000000
0.06292530149 24.82000000
0.06411156058 24.82000000
0.06465684623 24.85000000
0.06485560536 24.88000000
0.06291637570 24.82000000
0.06371046603 24.82000000
0.06357800961 24.82000000
0.06370420754 24.83000000
0.06479823589 24.82000000
0.06153664738 24.87000000
0.06309364736 24.81000000
0.06365387142 24.85000000
0.06472729146 24.88000000
0.06329678744 24.82000000
0.06391893327 24.82000000
0.06323176622 24.82000000
0.06362523139 24.83000000
0.06437394768 24.82000000
0.06144143268 24.87000000
0.06323019415 24.81000000
0.06432564557 24.85000000
0.06515246630 24.88000000
0.06280688941 24.82000000
0.06402243674 24.82000000
0.06315013766 24.82000000
0.06373392045 24.83000000
0.06433579326 24.82000000
0.06170694903 24.87000000
0.06354647130 24.81000000
0.06423221529 24.85000000
0.06532218307 24.88000000
0.06289343536 24.82000000
0.06433422863 24.82000000
0.06304247677 24.82000000
0.06385187805 24.83000000
0.06481863558 24.82000000
0.06200470403 24.87000000
0.06331771612 24.81000000
0.06299185753 24.85000000
0.06377608329 24.85000000
0.06360267103 24.88000000
0.06249935552 24.88000000
0.06544474512 24.88000000
0.06439902633 24.86000000
0.06183725968 24.88000000
0.06573470682 24.82000000
0.06162548065 24.88000000
0.06329564005 24.85000000
0.06400912255 24.85000000
0.06429903209 24.88000000
0.06286196411 24.88000000
0.06540609896 24.88000000
0.06468959153 24.86000000
0.06218972430 24.88000000
0.06550598145 24.82000000
0.06196429208 24.88000000
0.06283356249 24.85000000
0.06625450402 24.85000000
0.06418240070 24.88000000
0.06292359531 24.88000000
0.06553520262 24.87000000
0.06512197107 24.86000000
0.06237003207 24.88000000
0.06517780572 24.83000000
0.06162312627 24.88000000
0.1018214971 24.84000000
0.04083672911 24.83000000
0.05980778486 24.81000000
0.06182416528 24.82000000
0.05652544275 24.78000000
0.06426623464 24.82000000
0.06315611303 24.85000000
0.06370033324 24.85000000
0.06416238099 24.88000000
0.06276448071 24.88000000
0.06562685966 24.87000000
0.06453682482 24.86000000
0.06244286522 24.88000000
0.06548433751 24.83000000
0.06187409163 24.88000000
0.06314153224 24.85000000
0.06344781071 24.85000000
0.06381282955 24.88000000
0.06258951128 24.88000000
0.06546761841 24.87000000
0.06434334815 24.86000000
0.06230708212 24.88000000
0.06594379246 24.83000000
0.06197595224 24.88000000
0.06366059184 24.85000000
0.06359951198 24.85000000
0.06411499530 24.88000000
0.06251039356 24.88000000
0.06552603841 24.87000000
0.08657743037 24.86000000
0.06213816255 24.88000000
0.06551703811 24.83000000
0.06213621050 24.88000000
0.06305383146 24.85000000
0.06364523619 24.85000000
0.06433125585 24.88000000
0.06279783696 24.88000000
0.06384038925 24.85000000
0.06400163472 24.85000000
0.06436039507 24.88000000
0.06234052405 24.88000000
0.06365928054 24.85000000
0.06361258775 24.85000000
0.06404145062 24.88000000
0.06217274070 24.88000000
0.06343625486 24.85000000
0.06396908313 24.85000000
0.06407111883 24.88000000
0.06244891137 24.88000000
0.06354185939 24.85000000
0.06441049278 24.85000000
0.06419299543 24.88000000
0.06267620623 24.88000000
0.06365892291 24.85000000
0.06430725008 24.85000000
0.06399780512 24.88000000
0.06176622212 24.88000000
0.06392404437 24.85000000
0.06438678503 24.85000000
0.06434268504 24.88000000
0.06332875043 24.88000000
0.06339597702 24.80000000
0.05999351293 24.83000000
0.06486397982 24.85000000
0.1036433503 24.84000000
0.03718115762 24.83000000
0.06140085310 24.82000000
0.06014733762 24.81000000
0.06417883188 24.82000000
0.05650432408 24.78000000
0.06420191377 24.85000000
0.06450782716 24.85000000
0.06406044960 24.88000000
0.06290342659 24.88000000
0.06453221291 24.85000000
0.06483145058 24.85000000
0.06396722794 24.88000000
0.06332154572 24.88000000
0.06444795430 24.85000000
0.06512980163 24.85000000
0.06398348510 24.88000000
0.06314253062 24.88000000
0.06510959566 24.85000000
0.06564244628 24.85000000
0.06399942935 24.88000000
0.06320063770 24.88000000
0.06833118945 24.82000000
0.09084690362 24.84000000
0.06357941031 24.81000000
0.06553740799 24.81000000
0.06835526973 24.82000000
0.09162352234 24.84000000
0.06374832988 24.81000000
0.06514513493 24.81000000
0.06755135953 24.82000000
0.06644827873 24.84000000
0.06404892355 24.81000000
0.06572322547 24.81000000
0.06735870242 24.82000000
0.09053827077 24.84000000
0.06389281899 24.81000000
0.06561786681 24.81000000
0.06693851948 24.82000000
0.06603497267 24.84000000
0.06351278722 24.81000000
0.06567469984 24.81000000
0.06732267886 24.82000000
0.06652317196 24.84000000
0.06347759068 24.81000000
0.06612323970 24.81000000
0.06796465814 24.82000000
0.08955101669 24.84000000
0.06359220296 24.80000000
0.05966329947 24.83000000
0.1053957641 24.84000000
0.06481676549 24.85000000
0.07048971951 24.81000000
0.06125832349 24.82000000
0.06007421017 24.81000000
0.06392390281 24.81000000
0.05641679093 24.78000000
0.05252131820 24.80000000
0.06584386528 24.81000000
0.06801923364 24.82000000
0.06403312832 24.80000000
0.06594135612 24.81000000
0.06622254848 24.82000000
0.06432653964 24.80000000
0.06632505357 24.81000000
0.06538019329 24.82000000
0.06410699338 24.80000000
0.06606226414 24.81000000
0.06481701136 24.82000000
0.06448019296 24.80000000
0.06584351510 24.81000000
0.06509221345 24.82000000
0.06438669562 24.80000000
0.06596019119 24.81000000
0.06457450241 24.82000000
0.06455641985 24.80000000
0.06628827751 24.80000000
0.06450966001 24.82000000
0.06449401379 24.80000000
0.06705448776 24.80000000
0.06447467208 24.82000000
0.06432531774 24.80000000
0.06655769050 24.80000000
0.06446318328 24.82000000
0.06441321224 24.80000000
0.06608727574 24.80000000
0.06410153210 24.82000000
0.06410409510 24.80000000
0.06561244279 24.80000000
0.06888844818 24.81000000
0.06391706318 24.80000000
0.05974534899 24.83000000
0.06925082207 24.81000000
0.06471649557 24.85000000
0.06352391839 24.82000000
0.06378695369 24.81000000
0.05997571722 24.81000000
0.06322403997 24.80000000
0.06411835551 24.82000000
0.06277891994 24.83000000
0.05966698006 24.81000000
0.06755632907 24.84000000
0.06105384231 24.84000000
0.06167774647 24.82000000
0.06565917283 24.88000000
0.06906190515 24.86000000
0.06639426202 24.80000000
0.06995909661 24.82000000
0.06563914567 24.88000000
0.06896759570 24.86000000
0.06588353217 24.80000000
0.06991183013 24.82000000
0.06616548449 24.88000000
0.06900889426 24.86000000
0.06611488760 24.80000000
0.07002985477 24.82000000
0.06612811983 24.88000000
0.06858792901 24.86000000
0.06541532278 24.80000000
0.07033589482 24.82000000
0.06605757773 24.88000000
0.06875932217 24.86000000
0.06519597769 24.80000000
0.07285021991 24.82000000
0.06597924232 24.88000000
0.06868059188 24.86000000
0.06538099051 24.80000000
0.07004934549 24.82000000
0.06606989354 24.88000000
0.06835672259 24.86000000
0.06534549594 24.80000000
0.06956742704 24.82000000
0.06615465134 24.88000000
0.06913384795 24.86000000
0.06559523940 24.80000000
0.06925231963 24.82000000
0.06610465795 24.88000000
0.06831285357 24.86000000
0.06571707875 24.80000000
0.06907399744 24.81000000
0.06621514261 24.88000000
0.06855276972 24.86000000
0.06560256332 24.80000000
0.06888225675 24.81000000
0.05690585077 24.78000000
0.06882210076 24.81000000
0.06371535361 24.82000000
0.05965150520 24.83000000
0.06925755739 24.81000000
0.06493184716 24.85000000
0.06352224946 24.82000000
0.06651014835 24.88000000
0.06803850085 24.86000000
0.06577554345 24.80000000
0.06871777028 24.81000000
0.06665394455 24.88000000
0.06812100112 24.86000000
0.06630636752 24.80000000
0.06854107976 24.81000000
0.06681515276 24.88000000
0.06805077195 24.86000000
0.06653226912 24.80000000
0.06887121499 24.81000000
0.06700554490 24.88000000
0.06845714897 24.86000000
0.06708025932 24.80000000
0.07058278471 24.81000000
0.06723213196 24.88000000
0.06805616617 24.86000000
0.06674480438 24.80000000
0.06841072440 24.82000000
0.06693705916 24.88000000
0.06768763065 24.86000000
0.06670977175 24.80000000
0.06792664528 24.82000000
0.06743710488 24.88000000
0.06793115288 24.86000000
0.06687337160 24.80000000
0.06825800240 24.82000000
0.06833415478 24.79000000
0.06613652408 24.79000000
0.06632658094 24.81000000
0.06837239861 24.82000000
0.06764739752 24.79000000
0.06614231318 24.79000000
0.06529480964 24.81000000
0.06724507362 24.82000000
0.06738956273 24.79000000
0.06678470969 24.79000000
0.06540656090 24.81000000
0.06737981737 24.82000000
0.06370641291 24.81000000
0.06214650720 24.83000000
0.05991676450 24.81000000
0.05286315829 24.78000000
0.06854513288 24.82000000
0.06390858442 24.82000000
0.06881061941 24.81000000
0.06656949967 24.79000000
0.06463453919 24.85000000
0.06789114326 24.79000000
0.06647546589 24.79000000
0.06531292200 24.81000000
0.06982077658 24.82000000
0.06789926440 24.79000000
0.06701424718 24.79000000
0.06566971540 24.81000000
0.06767095625 24.82000000
0.06828472763 24.79000000
0.06710361689 24.79000000
0.06571440399 24.81000000
0.06761821359 24.82000000
0.06803554296 24.79000000
0.06744198501 24.79000000
0.06567271054 24.81000000
0.06784345210 24.82000000
0.06857061386 24.79000000
0.06743124872 24.79000000
0.06749194860 24.81000000
0.06787495315 24.82000000
0.06940405071 24.79000000
0.06819147617 24.79000000
0.06700740755 24.81000000
0.06909838319 24.82000000
0.06868232042 24.79000000
0.06806489825 24.79000000
0.06591992825 24.81000000
0.06812791526 24.82000000
0.06901656091 24.79000000
0.06848751754 24.79000000
0.06582308561 24.81000000
0.06858531386 24.82000000
0.06906501204 24.79000000
0.06832303852 24.79000000
0.06588391960 24.81000000
0.06860173494 24.82000000
0.06895403564 24.79000000
0.06843483448 24.79000000
0.06627272815 24.81000000
0.06870444119 24.82000000
0.06400264800 24.81000000
0.06349831820 24.82000000
0.06237603724 24.83000000
0.06479090452 24.81000000
0.05262814090 24.78000000
0.06848789006 24.82000000
0.06383185089 24.82000000
0.06866370142 24.81000000
0.06575780362 24.79000000
0.06184882671 24.84000000
0.06884904206 24.79000000
0.06910569221 24.79000000
0.06618643552 24.81000000
0.06903856993 24.82000000
0.06861978769 24.79000000
0.06866681576 24.79000000
0.06613945961 24.81000000
0.06879239529 24.82000000
0.06873776764 24.79000000
0.06922259927 24.79000000
0.06635921448 24.81000000
0.06879203767 24.82000000
0.06374035776 24.82000000
0.06355554610 24.83000000
0.06227980182 24.83000000
0.06459345669 24.81000000
0.06088410318 24.81000000
0.06850932539 24.82000000
0.06809014082 24.81000000
0.06435240060 24.82000000
0.06580524147 24.79000000
0.06189302728 24.84000000
0.06358350813 24.82000000
0.06347607076 24.83000000
0.06169305742 24.83000000
0.06446830928 24.81000000
0.06821483374 24.82000000
0.06012732536 24.81000000
0.06792669743 24.81000000
0.06344351172 24.82000000
0.06533116102 24.79000000
0.06164976954 24.80000000
0.06185992062 24.84000000
0.06360855699 24.82000000
0.06353124976 24.83000000
0.06158936769 24.83000000
0.06485298276 24.81000000
0.06764012575 24.81000000
0.06834708154 24.82000000
0.06347521394 24.82000000
0.06012968719 24.81000000
0.06486602873 24.79000000
0.06151867658 24.84000000
0.06079200283 24.80000000
0.06414758414 24.82000000
0.06364148855 24.83000000
0.06137298420 24.83000000
0.06425211579 24.81000000
0.06869193912 24.81000000
0.06820729375 24.82000000
0.06327655911 24.82000000
0.05993569270 24.81000000
0.06467624754 24.79000000
0.06463113427 24.82000000
0.06377325952 24.83000000
0.06147626787 24.84000000
0.06067549065 24.80000000
0.06137699634 24.83000000
0.06421253085 24.81000000
0.06758732349 24.81000000
0.06792109460 24.82000000
0.06318374723 24.83000000
0.05994256586 24.81000000
0.06427890807 24.79000000
0.06458051503 24.82000000
0.06358226389 24.83000000
0.06164734811 24.84000000
0.06078302860 24.80000000
0.06129396334 24.83000000
0.06770007312 24.81000000
0.06450776011 24.81000000
0.06756895781 24.82000000
0.06364440173 24.83000000
0.06419390440 24.79000000
0.05950785428 24.81000000
0.06454697251 24.82000000
0.06416448951 24.83000000
0.04616370425 24.83000000
0.04302245751 24.82000000
0.06431043893 24.82000000
0.06199567392 24.82000000
0.06407209486 24.82000000
0.06234520674 24.80000000
0.06169433892 24.81000000
0.06827031821 24.84000000
0.06035471335 24.81000000
0.06095524132 24.84000000
0.05381463096 24.85000000
0.06154254079 24.84000000
0.06091729552 24.80000000
0.06161977351 24.83000000
0.06743258238 24.81000000
0.06724568456 24.82000000
0.06412369758 24.81000000
0.06482167542 24.83000000
0.05928043276 24.81000000
0.06413306296 24.79000000
0.06396453828 24.82000000
0.06396289915 24.83000000
0.06104906276 24.84000000
0.06147476286 24.83000000
0.06084645540 24.80000000
0.06768357754 24.81000000
0.06696893275 24.82000000
0.06392817199 24.81000000
0.06448780745 24.83000000
0.06384691596 24.79000000
0.05949959159 24.81000000
0.06457788497 24.81000000
0.06407949328 24.82000000
0.04573792964 24.84000000
0.05821584165 24.84000000
0.05486062169 24.84000000
0.05207758769 24.84000000
0.06729817390 24.81000000
0.06652593613 24.82000000
0.06349071115 24.82000000
0.06402433664 24.83000000
0.06036528945 24.84000000
0.06700544059 24.81000000
0.06082117558 24.81000000
0.06689817458 24.82000000
0.06371992826 24.81000000
0.06392797083 24.83000000
0.06287609041 24.84000000
0.04314786568 24.84000000
0.06436772645 24.81000000
0.06385720521 24.82000000
0.04549895227 24.84000000
0.04884724692 24.84000000
0.06272137165 24.84000000
0.05187424272 24.84000000
0.06721211225 24.81000000
0.06667076051 24.82000000
0.06293236464 24.84000000
0.04320047051 24.84000000
0.06414136291 24.81000000
0.04560036957 24.84000000
0.06242830679 24.82000000
0.04856452346 24.84000000
0.04893071577 24.84000000
0.05234543979 24.84000000
0.06689141691 24.81000000
0.06648810208 24.82000000
0.06493845582 24.84000000
0.04410496354 24.84000000
0.04544175416 24.84000000
0.06394030154 24.81000000
0.05413555726 24.84000000
0.06219035015 24.82000000
0.04923056066 24.84000000
0.05240841582 24.84000000
0.06707938015 24.81000000
0.06641455740 24.82000000
0.06302244961 24.84000000
0.04315909743 24.84000000
0.04590484872 24.84000000
0.04802268744 24.84000000
0.06354597956 24.81000000
0.04943573102 24.84000000
0.06240919977 24.82000000
0.05313175172 24.84000000
0.06680318713 24.81000000
0.06622097641 24.83000000
0.06234288588 24.84000000
0.03641217202 24.84000000
0.04296369478 24.84000000
0.04775034636 24.84000000
0.05849228054 24.84000000
0.06470968574 24.81000000
0.05421319231 24.84000000
0.06206068397 24.82000000
0.06638911366 24.81000000
0.06586752087 24.83000000
0.06251971424 24.84000000
0.03983116150 24.84000000
0.04764720052 24.84000000
0.04289207980 24.84000000
0.04904575273 24.84000000
0.05515869707 24.84000000
0.06366366148 24.81000000
0.06213154271 24.82000000
0.06623465568 24.81000000
0.06604850292 24.83000000
0.06220234931 24.84000000
0.03986206651 24.84000000
0.05329221487 24.84000000
0.04880057275 24.84000000
0.04269465804 24.84000000
0.05642522871 24.84000000
0.06363981962 24.81000000
0.06171336025 24.82000000
0.06615059078 24.81000000
0.06631912291 24.83000000
0.04489957541 24.84000000
0.06468142569 24.84000000
0.05354538187 24.84000000
0.07732342184 24.84000000
0.04279813915 24.84000000
0.05738683045 24.84000000
0.06386030465 24.81000000
0.06551928073 24.81000000
0.06171989441 24.82000000
0.06617002189 24.83000000
0.04507810995 24.84000000
0.04727287963 24.84000000
0.06223077327 24.84000000
0.07673084736 24.84000000
0.06338150054 24.84000000
0.04965825379 24.83000000
0.06415402889 24.81000000
0.06374689937 24.82000000
0.06359204650 24.79000000
0.06042823568 24.81000000
0.06378881633 24.83000000
0.06717588753 24.81000000
0.06054165959 24.83000000
0.06630070508 24.82000000
0.06137895584 24.81000000
0.06366699189 24.81000000
0.06382854283 24.83000000
0.06588953733 24.81000000
0.06166444719 24.82000000
0.06581375003 24.83000000
0.03996832296 24.84000000
0.04824236035 24.84000000
0.06194956228 24.84000000
0.05880825967 24.84000000
0.06330186874 24.84000000
0.04943658412 24.83000000
0.06346501410 24.81000000
0.06561855972 24.81000000
0.06138794124 24.82000000
0.06741650403 24.87000000
0.06529248506 24.83000000
0.06702914089 24.80000000
0.06224280596 24.84000000
0.06512172520 24.83000000
0.06465616077 24.82000000
0.06163646653 24.81000000
0.06186018512 24.83000000
0.06245807186 24.84000000
0.06343870610 24.81000000
0.06647963822 24.87000000
0.06737110764 24.81000000
0.06600987166 24.80000000
0.06129872799 24.82000000
0.06533721834 24.82000000
0.06510389596 24.83000000
0.06795059144 24.82000000
0.06314505637 24.81000000
0.06667520106 24.81000000
0.06831178814 24.84000000
0.06642208248 24.87000000
0.06240108982 24.81000000
0.06648431718 24.80000000
0.06772825122 24.81000000
0.06572844088 24.82000000
0.06521322578 24.83000000
0.06432909518 24.82000000
0.06591591239 24.82000000
0.06289324164 24.81000000
0.06643252820 24.87000000
0.06544530392 24.84000000
0.06240636110 24.81000000
0.06651113927 24.80000000
0.06764349341 24.81000000
0.06484418362 24.84000000
0.06437131017 24.82000000
0.06348943710 24.82000000
0.07083977759 24.82000000
0.06288521737 24.81000000
0.06888186932 24.81000000
0.06591066718 24.87000000
0.06861236691 24.84000000
0.06635177135 24.81000000
0.06178146973 24.81000000
0.06651008129 24.81000000
0.06454940140 24.84000000
0.06350069493 24.82000000
0.06445548683 24.82000000
0.06429388374 24.82000000
0.06276564300 24.81000000
0.06622872502 24.81000000
0.06574541330 24.87000000
0.06285923719 24.84000000
0.06609852612 24.81000000
0.06667063385 24.81000000
0.06163205579 24.81000000
0.06422564387 24.84000000
0.06295181066 24.82000000
0.06396344304 24.82000000
0.06497465074 24.82000000
0.06498092413 24.81000000
0.06235127524 24.81000000
0.06537242234 24.87000000
0.06224357337 24.84000000
0.06613375247 24.81000000
0.06364544481 24.84000000
0.06661128998 24.81000000
0.06131856143 24.81000000
0.06401033700 24.83000000
0.06309013069 24.82000000
0.06368236244 24.82000000
0.06494479626 24.81000000
0.06217472628 24.81000000
0.06520706415 24.87000000
0.06212083995 24.84000000
0.06578525901 24.81000000
0.06625627726 24.81000000
0.06314136088 24.84000000
0.06105431914 24.81000000
0.06428619474 24.83000000
0.06369743496 24.82000000
0.06391514093 24.82000000
0.06445680559 24.82000000
0.06276474893 24.79000000
0.06361217052 24.83000000
0.05967489257 24.81000000
0.06705471128 24.81000000
0.06108622253 24.83000000
0.06029975414 24.84000000
0.06573949754 24.82000000
0.06164144352 24.81000000
0.06461492926 24.81000000
0.06227710843 24.81000000
0.06600575894 24.87000000
0.06600224972 24.81000000
0.06227816269 24.84000000
0.06312187016 24.84000000
0.06620536000 24.81000000
0.06070753187 24.81000000
0.06359469146 24.83000000
0.06281035393 24.82000000
0.06445014477 24.81000000
0.06391465664 24.82000000
0.06497640908 24.87000000
0.06221975759 24.82000000
0.06552498788 24.81000000
0.06219676882 24.84000000
0.06349030137 24.84000000
0.06664645672 24.81000000
0.06312587857 24.83000000
0.06128253043 24.81000000
0.06265027076 24.82000000
0.06510856748 24.87000000
0.06439644098 24.81000000
0.06402254105 24.82000000
0.06229564548 24.82000000
0.06539079547 24.81000000
0.06206902489 24.84000000
0.06262605637 24.84000000
0.06688211858 24.81000000
0.06278524548 24.83000000
0.05999118462 24.81000000
0.06274143606 24.82000000
0.06495340168 24.87000000
0.06398365647 24.80000000
0.06566841900 24.82000000
0.06546931714 24.81000000
0.06219689175 24.82000000
0.06220153719 24.84000000
0.06280653179 24.84000000
0.06663059443 24.81000000
0.06310041994 24.83000000
0.05982724950 24.81000000
0.06476829946 24.87000000
0.06283916533 24.82000000
0.06397152692 24.80000000
0.06494414061 24.81000000
0.06229555979 24.82000000
0.06431630999 24.82000000
0.06203033030 24.84000000
0.06238518655 24.84000000
0.06653123349 24.82000000
0.06301208586 24.83000000
0.06444461644 24.87000000
0.06311549246 24.82000000
0.05952632800 24.81000000
0.06368459761 24.80000000
0.06516334414 24.81000000
0.06207752228 24.82000000
0.06418476999 24.82000000
0.06171775609 24.84000000
0.06251768023 24.84000000
0.06636404991 24.82000000
0.06295584142 24.83000000
0.06413725019 24.87000000
0.06365384907 24.80000000
0.06263555586 24.82000000
0.05952876806 24.81000000
0.06508736312 24.81000000
0.06160490215 24.82000000
0.06159945577 24.84000000
0.06280545890 24.84000000
0.06408850104 24.82000000
0.06368234009 24.83000000
0.06616515666 24.82000000
0.06453328580 24.87000000
0.06229397282 24.82000000
0.06334388256 24.80000000
0.05941624939 24.81000000
0.06524729729 24.81000000
0.06173049286 24.84000000
0.06191311777 24.82000000
0.06217326596 24.84000000
0.06416907907 24.82000000
0.06311070174 24.83000000
0.06656419486 24.82000000
0.06406213343 24.87000000
0.08644589037 24.80000000
0.06240125746 24.82000000
0.06551893055 24.81000000
0.05935363844 24.81000000
0.06184013560 24.84000000
0.06161160767 24.84000000
0.06157522649 24.82000000
0.06435241550 24.82000000
0.06282146275 24.83000000
0.06648463011 24.82000000
0.04195078090 24.83000000
0.06400466710 24.83000000
0.06330709159 24.81000000
0.06484247744 24.82000000
0.06299661845 24.80000000
0.06351124495 24.83000000
0.05949422717 24.81000000
0.06771758944 24.81000000
0.06094054878 24.83000000
0.06020667404 24.84000000
0.06537514180 24.82000000
0.06177600473 24.81000000
0.06383700669 24.83000000
0.06341896951 24.81000000
0.06624440849 24.82000000
0.06250491738 24.80000000
0.06358712167 24.83000000
0.05914602801 24.81000000
0.06609240919 24.84000000
0.06077918783 24.84000000
0.06545132399 24.82000000
0.06122542918 24.84000000
0.06367697567 24.83000000
0.06315223873 24.81000000
0.06199780479 24.81000000
0.06177808717 24.87000000
0.06353846192 24.83000000
0.06262874603 24.80000000
0.06607437134 24.84000000
0.05924266949 24.81000000
0.06084572151 24.84000000
0.06034355983 24.84000000
0.06415201724 24.83000000
0.06217660382 24.87000000
0.06325082481 24.81000000
0.06252540648 24.81000000
0.06671895087 24.82000000
0.06278042495 24.80000000
0.06599444896 24.84000000
0.05983195454 24.81000000
0.06133080646 24.84000000
0.06029114872 24.84000000
0.06195905432 24.80000000
0.06138623133 24.87000000
0.06298379600 24.81000000
0.06241452321 24.81000000
0.06550917029 24.82000000
0.04605261981 24.83000000
0.04296691716 24.82000000
0.06181250513 24.82000000
0.06418606639 24.82000000
0.05771236867 24.78000000
0.06438464671 24.82000000
0.06200299785 24.80000000
0.06131852046 24.81000000
0.06840623170 24.84000000
0.06035136431 24.84000000
0.06252876669 24.80000000
0.06599767506 24.84000000
0.06228176877 24.81000000
0.06380677968 24.81000000
0.06050371751 24.84000000
0.06132847071 24.87000000
0.06060071662 24.80000000
0.06337612867 24.81000000
0.06560477614 24.82000000
0.06233733147 24.81000000
0.06111956760 24.82000000
0.06582984328 24.85000000
0.06223041937 24.81000000
0.05910725892 24.81000000
0.06057606637 24.84000000
0.06122964621 24.87000000
0.06086805463 24.80000000
0.06512251496 24.83000000
0.06492783874 24.82000000
0.06527972221 24.85000000
0.06270523369 24.81000000
0.06101812422 24.82000000
0.05137910321 24.81000000
0.05851551145 24.81000000
0.06112841144 24.87000000
0.06067864224 24.80000000
0.06180389971 24.82000000
0.06378588825 24.83000000
0.06526591629 24.85000000
0.06519991159 24.82000000
0.06099713594 24.82000000
0.06267467141 24.81000000
0.05092321709 24.81000000
0.04108113050 24.85000000
0.06138182431 24.87000000
0.06077475846 24.80000000
0.06213563681 24.82000000
0.06351998448 24.83000000
0.06553532928 24.85000000
0.06534263492 24.83000000
0.06066547334 24.82000000
0.06301046908 24.81000000
0.06050118431 24.86000000
0.06193628535 24.81000000
0.05699671432 24.84000000
0.06108412147 24.87000000
0.06036931276 24.80000000
0.06204216182 24.82000000
0.06567046046 24.84000000
0.06549498439 24.83000000
0.06321644038 24.83000000
0.06055059657 24.82000000
0.05733825266 24.88000000
0.06149140373 24.81000000
0.06013403088 24.86000000
0.06048366800 24.87000000
0.05655898154 24.84000000
0.06075417250 24.80000000
0.06202508882 24.82000000
0.06472817063 24.85000000
0.06545190513 24.83000000
0.06280331314 24.83000000
0.06059684977 24.82000000
0.06169800088 24.81000000
0.05722118169 24.88000000
0.05975314230 24.86000000
0.06058594212 24.87000000
0.06077206135 24.80000000
0.05685885996 24.84000000
0.06232741103 24.82000000
0.06472167373 24.85000000
0.06698304415 24.82000000
0.06267219782 24.83000000
0.06075654179 24.82000000
0.06162767485 24.81000000
0.05739445239 24.88000000
0.06059889868 24.87000000
0.06025604531 24.86000000
0.06207035482 24.80000000
0.05655467510 24.84000000
0.06238420308 24.82000000
0.06497210264 24.85000000
0.06511515379 24.83000000
0.06231069565 24.83000000
0.06106052920 24.82000000
0.05196809769 24.81000000
0.06051729620 24.87000000
0.05768252909 24.88000000
0.08119669557 24.86000000
0.06056161225 24.80000000
0.05681113154 24.84000000
0.06426932663 24.85000000
0.06249904260 24.82000000
0.05242600664 24.85000000
0.04577733949 24.83000000
0.04299876839 24.82000000
0.06207030639 24.82000000
0.06375732273 24.82000000
0.06243078411 24.80000000
0.05672435835 24.78000000
0.06099865586 24.81000000
0.06954933703 24.84000000
0.06550054252 24.83000000
0.06194166094 24.83000000
0.06102692336 24.82000000
0.05048279464 24.81000000
0.06069768965 24.87000000
0.05795867741 24.88000000
0.08022415638 24.86000000
0.06494349986 24.85000000
0.05653943866 24.84000000
0.06442606449 24.83000000
0.06243237108 24.82000000
0.06161022186 24.83000000
0.06144518405 24.82000000
0.06028652564 24.87000000
0.05051504076 24.81000000
0.06018687785 24.80000000
0.05769373104 24.88000000
0.06420353800 24.85000000
0.05617352948 24.84000000
0.06466510147 24.83000000
0.06321487576 24.82000000
0.06134526059 24.83000000
0.06182627380 24.82000000
0.06001543999 24.87000000
0.06064815447 24.81000000
0.06015344709 24.80000000
0.06333471835 24.85000000
0.05763199180 24.88000000
0.05912877247 24.81000000
0.06420553476 24.83000000
0.05620687455 24.84000000
0.06356155127 24.82000000
0.06417106092 24.82000000
0.06495952606 24.88000000
0.03695233911 24.81000000
0.06567757577 24.82000000
0.06409941614 24.82000000
0.06435514987 24.88000000
0.03686849400 24.81000000
0.06445441395 24.82000000
0.06352385134 24.82000000
0.06406369805 24.88000000
0.04699331149 24.82000000
0.06480924785 24.82000000
0.06358022243 24.82000000
0.06424914300 24.88000000
0.05376672745 24.82000000
0.06558663398 24.82000000
0.06345041841 24.82000000
0.05995091051 24.84000000
0.04568506777 24.83000000
0.04328784347 24.82000000
0.05244032294 24.85000000
0.06184946001 24.82000000
0.06382750720 24.82000000
0.06282685697 24.80000000
0.05649612099 24.78000000
0.06412692368 24.88000000
0.04735190049 24.82000000
0.06492874026 24.82000000
0.07102796435 24.84000000
0.06092783064 24.81000000
0.06016711891 24.84000000
0.04603168741 24.83000000
0.04315462336 24.82000000
0.05335924402 24.85000000
0.06191618741 24.82000000
0.06362234056 24.82000000
0.06257294118 24.80000000
0.05629082024 24.78000000
0.07329959422 24.84000000
0.06142807752 24.81000000
0.05983443558 24.84000000
0.04582120478 24.83000000
0.06288940459 24.82000000
0.05277598649 24.85000000
0.06400676072 24.82000000
0.06185437366 24.82000000
0.06259505451 24.80000000
0.05621726811 24.78000000
0.07679639012 24.84000000
0.06057190895 24.81000000
0.04618581012 24.83000000
0.05957542732 24.84000000
0.04314137995 24.82000000
0.05219967663 24.85000000
0.06524413824 24.82000000
0.06123213097 24.82000000
0.06259288639 24.80000000
0.08395797014 24.84000000
0.05604489148 24.78000000
0.06048292294 24.81000000
0.03781403601 24.83000000
0.05921089277 24.84000000
0.04303559288 24.82000000
