0.859174
0.902697
0.975709
0.727791
0.902931
1.29268
1.19142
0.884139
0.947206
0.890524
0.880491
0.999896
0.908840
0.749481
0.767918
0.715028
0.742218
0.830295
0.958451
1.16116
1.13284
0.715476
0.698810
1.19223
0.759549
0.747010
0.751966
0.722412
0.954124
1.03965
0.763932
0.809194
0.962503
0.878163
0.718265
0.726050
1.12961
0.982287
1.09683
0.971551
1.00998
1.16076
1.17371
0.824116
0.825293
0.924526
0.885794
0.752835
0.812587
1.05156
1.04503
0.687611
0.662370
1.08214
1.10899
0.829901
0.972054
1.03642
1.08248
0.702076
0.752120
1.27604
0.754856
0.719961
0.951740
1.05724
0.922818
1.05809
0.763161
0.713438
0.926360
0.898562
0.852351
0.879289
0.796293
0.817952
1.07432
1.08401
0.691433
0.731766
1.03976
0.851347
0.951588
0.712552
0.722885
1.18006
0.917119
0.723423
0.776863
1.05953
0.946677
1.04416
1.00261
0.939209
0.881266
0.894512
0.806398
0.833838
0.787353
0.774892
0.755055
0.732132
0.956086
0.901153
0.728184
0.725050
1.03492
1.07338
0.913744
0.912395
0.900226
0.966802
0.781343
0.794571
1.14356
0.707950
0.719857
1.03296
1.01892
0.889666
0.881827
0.895489
0.813787
0.793831
0.728535
0.963291
0.988695
0.911381
0.762372
0.831716
0.729824
0.737530
1.10646
1.14919
0.848982
0.845429
1.00734
1.18393
0.781697
0.724483
1.06268
0.939389
0.802567
0.796060
0.933616
0.971918
1.05097
1.04549
1.23145
1.25641
0.830760
0.824326
0.607182
0.656281
1.38169
1.38891
1.06828
1.18344
1.28820
1.05166
0.887938
0.840028
0.784744
0.844667
1.44675
1.10461
1.14685
1.15118
1.23542
0.859650
0.872086
0.935188
0.866880
1.44024
1.14061
0.987833
1.26157
1.09032
0.866535
0.907094
0.908613
0.898407
1.53374
1.15110
0.971820
1.19445
1.10921
0.879006
0.813005
0.752995
0.751506
1.29565
1.29438
0.971554
1.03179
1.20511
1.35673
0.878271
0.866222
0.862266
0.775813
1.48816
0.974489
1.13043
1.20085
1.20723
0.823138
1.00545
0.642338
0.673349
1.24439
1.33051
1.07557
0.952238
1.23691
1.27457
1.06038
0.961440
0.751610
0.723447
1.23525
1.14403
1.08301
0.897057
1.38770
1.19165
0.924685
0.889148
0.738899
0.820674
1.34585
1.58322
1.32694
1.05635
1.14921
1.10210
0.825164
0.805282
0.763349
0.848825
1.07215
1.12943
0.824871
0.760335
0.774121
0.736070
1.05927
0.978522
0.898431
0.816807
0.789874
0.769036
0.758872
0.736997
1.11088
1.17596
0.911919
0.858372
1.10521
1.14827
0.665988
0.713129
0.960846
1.06007
1.00812
0.945354
0.826887
0.761120
1.10592
1.23814
0.717408
0.742033
0.869946
0.922436
1.28648
1.16887
1.14296
1.06022
0.726917
0.729809
0.969945
0.865205
1.61984
1.61353
1.10550
1.20528
0.988983
1.06276
0.687207
0.683868
0.852997
0.846599
1.64004
0.983350
1.27679
1.09114
1.08683
0.679091
0.655177
0.948253
0.967361
1.05896
1.05646
0.740383
0.809876
0.593138
0.663611
1.01803
1.19780
0.860083
0.747024
1.23248
1.13791
1.05971
1.01395
0.642052
0.623000
0.963971
0.893323
1.16923
1.31917
0.784687
0.839918
0.648246
0.776198
0.928975
0.936113
0.955450
0.882754
1.43014
1.14506
0.970582
1.03093
0.673102
0.647804
0.876905
0.822337
1.76982
1.29605
1.30236
0.826467
0.847905
0.691758
0.666126
0.744406
0.766781
0.983990
0.851447
1.43376
1.37827
1.00032
1.04938
0.720991
0.673309
0.718013
1.01552
1.83543
1.48733
1.25399
0.781875
0.777758
0.641990
0.636628
0.928847
0.901563
1.13359
0.969742
1.06473
1.00691
0.901984
0.829316
0.779257
0.823356
0.805928
0.741191
1.09156
1.14432
0.969836
0.916687
1.01509
1.17378
0.858433
0.931280
1.07741
1.02606
1.02516
1.15637
0.896142
0.887476
0.825858
0.902642
0.924421
0.792146
1.01092
1.07357
0.981347
0.999606
1.10875
1.25914
1.00778
1.03136
1.17872
1.09321
1.12798
1.16968
0.912500
0.925705
1.02417
1.07527
0.811971
0.811606
1.05034
1.21309
0.839508
0.808180
1.09262
1.12615
0.961271
0.896239
1.16869
1.09037
1.13214
1.04390
0.956988
1.03571
0.855358
0.814594
0.892038
0.936898
0.716389
0.763956
1.19262
1.13455
0.787362
0.754152
0.969746
0.996483
0.934930
0.917503
1.09738
1.02736
0.752996
0.728039
1.05958
1.04225
0.867310
0.832722
1.19020
1.16257
0.963073
0.895302
1.13730
1.07098
1.05440
1.04855
0.927321
0.946615
1.12105
1.16645
0.661941
0.777611
1.23714
1.08877
0.902177
0.899491
1.17856
1.18564
0.945439
0.984328
1.03209
1.00708
1.01329
1.17341
0.959186
1.08045
1.06013
1.18006
0.725838
0.799008
1.13478
1.11744
0.925339
1.07234
1.11664
1.04586
1.07153
1.10100
1.00789
0.949201
1.03403
1.13571
1.13012
1.08856
1.22710
1.24635
0.780878
0.764083
1.16809
1.08500
1.08237
1.16392
1.08053
1.14594
0.721303
0.767141
1.19825
1.04673
0.860417
0.920178
1.01288
1.00789
0.663268
0.707644
0.911143
0.965858
1.02777
0.955926
1.00794
0.921919
0.694311
0.713204
1.04984
0.884961
1.04579
0.897443
1.03032
1.01121
0.753562
0.777797
0.826516
0.823294
0.937826
0.871034
0.949411
0.992672
0.738172
0.839047
1.02011
0.863996
0.760641
0.771786
1.12418
1.13651
0.759276
0.778687
0.872919
0.856993
0.822909
0.906575
0.967394
0.753116
0.823494
0.918145
0.997137
0.804374
0.811223
1.18140
1.16015
0.800178
0.853607
0.744088
0.704391
1.21993
0.919789
0.872231
1.15814
1.15827
0.823652
0.820518
0.740161
0.675339
1.05806
1.19841
0.718903
0.729298
0.774160
0.895444
0.676554
0.687077
1.08858
1.07724
0.644352
0.625405
0.927799
0.838946
0.719972
0.645597
1.06641
1.11495
0.679284
0.680508
0.865700
0.878438
0.719201
0.859153
1.16802
1.09529
0.772313
0.792584
0.835885
0.886123
0.850601
0.906256
0.917754
1.03678
1.06363
1.08883
0.886719
0.852159
0.828069
0.817689
1.14900
1.12625
1.19310
1.16847
0.863428
0.847088
0.879470
0.859918
1.12305
1.08653
1.15497
1.14430
0.749036
0.838130
0.809755
0.863276
1.01384
0.886293
1.08005
1.09732
0.848160
0.777226
0.811265
0.787287
0.872302
1.06073
1.06177
1.16136
0.778532
0.907955
0.855726
0.945759
1.01143
0.958788
1.11233
1.16310
0.939044
0.931907
0.916705
0.941423
1.02428
1.02009
0.908444
0.880915
1.15537
1.01752
0.863832
0.933224
1.08736
1.15148
1.14644
1.00899
0.817814
0.721934
0.747004
0.797118
0.667317
0.684173
1.10893
0.811426
0.841326
0.960339
0.954139
0.852700
0.794941
0.872670
0.879642
1.14824
1.14618
0.923239
0.957205
0.912467
0.869174
1.24692
1.16354
0.907664
0.900856
0.700285
0.641756
1.08719
0.961262
0.989595
0.994295
0.671374
0.757904
0.998605
0.918802
0.998085
0.969699
0.646526
0.637192
1.01295
1.06282
0.988537
1.07654
0.705676
0.641810
1.10245
1.05188
1.14102
1.06372
0.612784
0.589947
1.05042
1.05978
0.988338
0.986597
0.608506
0.598706
1.08303
1.06422
1.00242
0.883729
0.616515
0.609917
1.04892
1.07522
0.977400
0.829658
0.626594
0.909447
1.10877
1.12429
0.924203
0.880046
0.741402
0.773348
1.10802
1.09652
0.853917
0.856026
0.973307
1.00522
1.24993
1.26950
1.51245
1.33398
1.36221
1.12781
1.04096
1.00296
1.22954
0.856929
0.833886
0.992732
1.02102
0.795614
0.788703
0.773272
0.729695
1.10204
0.817564
0.810893
0.902104
0.923709
0.872008
0.807867
1.01857
0.869651
0.741279
0.775829
1.26257
1.25324
0.897968
0.831103
0.961309
0.989088
0.953542
0.802770
0.880619
0.769203
0.900861
1.05734
0.904382
0.991076
1.05196
1.28011
0.969438
0.973482
1.17897
0.988298
0.922781
0.928232
1.00830
1.04427
0.841087
0.885415
1.18715
0.982413
0.858903
0.967066
1.07787
1.19736
0.929033
0.934705
1.09034
1.09407
0.943049
1.00215
1.21419
1.10808
1.13698
1.07099
1.06367
1.07546
0.952779
0.993880
1.16005
1.17057
1.02563
0.966479
1.00490
1.04109
0.936486
0.915361
1.15745
1.10522
1.31975
1.28306
1.01140
1.03441
1.24794
0.770036
0.785372
1.09547
0.838870
0.912764
0.951379
0.921630
0.789709
0.805307
0.701384
0.712872
1.07648
0.979218
0.845581
0.901026
0.934714
0.963443
0.975424
1.11975
0.865911
0.989873
1.25220
1.01675
0.941156
0.993180
0.991406
1.02187
0.962299
0.992167
0.940829
0.944625
1.00842
0.968629
1.02817
1.16995
1.04222
0.923494
1.03271
0.906381
1.08322
1.19104
1.01056
0.957308
1.06340
1.12288
1.24985
1.39194
1.27249
1.57998
0.739491
0.720968
1.59373
1.27949
1.20104
1.32123
1.25702
1.40748
1.35597
1.48800
1.47274
0.715742
0.635850
1.51458
1.26568
1.32662
1.24867
1.18391
1.22510
1.17644
0.733335
0.838394
0.843459
0.863897
0.837600
0.766493
0.784596
0.911582
0.861405
0.901781
1.25494
1.13042
1.34632
1.42583
0.878212
1.14357
0.851457
0.853190
0.780696
0.846630
0.843987
0.817581
0.769058
0.837930
1.81540
1.37112
1.34743
1.15389
1.36438
1.28141
1.34305
1.47490
1.53267
0.837330
0.783162
1.77136
1.34448
1.33112
1.25676
1.47090
1.45610
1.50868
0.770663
0.790272
1.14536
1.05187
1.44533
1.23215
1.09600
1.49387
1.55130
0.744906
0.687688
1.07054
1.08386
1.47347
1.46570
1.20273
1.19481
1.45454
0.722352
0.727144
1.66089
1.19390
1.11273
1.40464
1.20028
1.23620
1.11687
1.12709
0.679112
0.713037
1.11965
1.15902
1.46464
1.29322
1.32994
1.14826
0.989669
0.646911
0.665505
1.61314
1.22669
1.28777
1.41059
1.36204
1.37341
1.04885
1.06382
0.677674
0.693581
1.68428
1.72137
1.39461
1.14958
1.42943
1.36162
1.35279
1.11815
1.04147
0.748894
0.724153
1.57070
1.11033
0.989850
1.34294
1.35896
1.37444
1.46329
0.994345
1.10292
0.728113
0.829338
1.60026
1.12826
1.22454
1.41627
1.45817
1.54259
1.50092
1.16131
1.21560
0.755939
0.653636
0.837276
0.927405
1.08177
1.21885
0.887585
0.824566
0.770116
0.769076
0.831059
0.788983
0.825461
0.763631
0.800450
0.825202
1.21175
1.33196
1.31596
1.32448
1.11434
1.15234
0.780973
0.754998
0.788695
0.757035
0.834978
0.800725
1.00982
1.01105
1.52026
1.58785
1.16789
1.16124
1.39081
1.41277
1.20073
1.10700
0.788557
0.834352
1.65349
1.22165
1.17821
1.48878
1.48882
1.49483
1.59194
1.24361
1.17911
0.760437
0.730319
1.24741
1.36961
1.54109
1.46354
1.30215
1.18287
0.698265
0.737541
0.989801
1.00696
1.08342
1.13908
0.874934
0.892648
0.758776
0.816628
0.892052
0.854178
0.787406
0.736460
0.819961
0.856512
1.13854
1.21930
1.29018
1.47429
1.56423
1.16353
1.14158
1.32283
0.934234
0.772844
0.965826
0.927100
0.767619
0.788512
0.949562
0.897445
1.05265
1.05846
0.899487
1.00240
1.07269
1.13827
0.935965
0.928257
0.778773
0.795868
0.807671
0.880952
0.735814
0.756921
1.43758
1.44515
1.43847
1.50109
1.25975
1.12562
1.33715
0.828129
0.782409
1.29136
0.803040
0.802056
0.770878
0.811121
0.955456
0.957994
1.06514
1.01762
0.954262
0.842017
1.07549
1.03644
0.855284
0.916535
0.812241
0.817235
0.807522
0.895386
0.766137
0.816425
0.845245
0.819201
1.42768
1.60670
1.46454
1.48087
1.24604
1.06849
0.830942
0.783513
0.857754
0.854261
1.23554
0.921378
0.880010
1.00106
0.933984
0.819302
0.902812
1.00877
1.15219
0.880668
0.830629
0.823851
0.825067
0.883013
0.868057
0.825188
0.787877
0.814928
0.741251
1.51273
1.47106
1.60938
1.38274
1.30784
1.31211
1.55982
0.865693
0.842893
0.778213
0.820988
1.25386
1.27075
0.870567
0.836656
0.880453
0.872708
1.13359
1.14164
0.906520
0.832196
0.903222
0.964318
0.765191
0.778308
0.915587
0.867564
0.751052
0.785855
0.710563
0.724772
1.37675
1.43301
1.23090
1.23757
1.76909
0.838827
0.895591
0.754820
0.734408
1.20632
0.934166
0.871585
0.869322
0.959839
1.28553
1.23483
0.855621
0.903643
1.10400
1.13265
0.779891
0.844065
0.785400
0.768744
0.827074
0.895091
0.727238
0.772306
1.32958
1.27282
1.53305
1.14483
1.40532
0.850674
0.862718
0.889675
0.866626
0.731171
0.810979
0.952242
0.945681
1.25767
0.789545
0.842018
1.07673
0.956210
0.718129
0.715401
1.10553
1.31320
1.16368
0.671732
0.689218
1.07822
0.846233
0.776813
1.14478
1.03681
0.991306
0.990588
0.834463
0.897545
1.02684
1.15361
0.862749
0.763293
1.14333
1.14986
0.716605
0.746006
1.07474
1.02204
0.812581
0.815522
0.796474
0.721454
1.20945
1.25887
1.78054
1.77773
1.17790
1.41531
1.82411
0.910515
0.947768
0.776414
0.776232
0.826193
0.829434
0.904883
0.947086
1.15571
0.957790
0.893280
0.871400
0.898188
0.847663
0.786471
0.930558
1.06190
0.787256
0.828666
0.745760
0.793425
1.20054
1.36126
1.70391
1.07221
1.11748
0.873315
0.889537
0.788513
0.734863
0.826479
0.846608
0.936709
0.924173
0.919182
1.06795
1.45516
1.64524
1.76437
1.76283
1.77201
1.12623
1.06013
0.991404
0.906307
1.03132
1.09966
1.31760
1.29550
1.30833
1.29760
1.15838
1.26553
1.33612
1.13226
1.17957
0.971663
0.918007
1.24538
1.36109
0.991318
1.00628
1.12677
1.21785
0.828419
0.851757
1.09893
1.03115
0.854926
0.861257
0.908698
0.931277
0.810499
0.775189
1.04223
1.08983
0.771140
0.694271
1.41298
1.18550
1.56252
1.30318
1.09395
0.950485
0.797037
0.756882
0.764202
0.885567
0.896302
1.22124
1.16395
1.02151
0.979711
1.02383
0.994558
1.64735
1.62674
1.76929
0.968702
1.02561
0.969890
0.909470
1.14767
1.10253
1.42198
1.41208
1.45818
1.35882
1.10991
1.22242
1.27449
1.46617
1.15573
1.06791
1.09351
1.01781
1.22133
1.07661
0.965123
1.21837
1.20041
0.837644
0.774223
1.06505
0.977793
1.01436
1.15320
1.12680
1.10011
1.13252
1.00731
1.07164
1.01686
1.43099
1.44156
1.81584
0.895612
0.895127
1.05939
1.06479
1.08855
1.15624
1.25520
1.20585
1.15826
1.23149
1.14575
1.07071
1.33954
1.05927
1.19926
1.07662
1.07170
1.32639
1.06019
1.05521
1.24185
0.770965
0.704430
0.850021
0.920306
1.20810
1.08583
1.07941
1.09482
1.20197
1.15535
0.900972
1.04453
0.882584
0.956138
1.01230
1.08428
1.23484
1.10902
1.60196
1.32445
1.41526
1.50160
1.33293
1.07532
1.19530
1.32975
1.24627
1.08253
1.08004
1.09287
1.05343
0.893090
0.907429
1.40993
1.56472
1.12650
1.30271
0.673572
0.648098
0.913385
0.951546
0.697794
0.685194
0.984045
0.929445
1.02248
0.941534
0.986797
0.874298
0.980095
0.958668
1.08450
1.23636
1.24185
1.38056
1.19459
1.00999
1.06156
1.30895
1.45792
1.25418
1.19297
1.11830
1.10603
0.840618
0.785593
1.09763
1.14806
1.40576
1.38480
1.20038
1.13430
0.678286
0.766846
0.920883
0.961592
0.631658
0.777108
0.904057
0.958183
0.911826
1.07936
0.893713
0.862208
1.21008
1.04695
0.907973
0.952368
1.14939
1.11750
1.03272
0.960156
1.36286
1.25055
1.24601
1.16798
0.791504
0.864505
1.27258
1.40046
1.61119
1.73038
1.25394
1.22019
1.02385
1.07619
1.26622
0.952121
0.672572
0.711743
0.902754
0.932320
0.691342
0.698419
0.963543
0.872097
1.18665
0.995363
0.969847
0.938086
1.10252
0.989200
1.00356
1.20209
0.977171
1.04579
1.17241
1.11263
0.909670
0.908007
1.03481
1.06158
0.913755
0.929229
1.23447
1.35596
1.02466
1.03207
1.31771
1.31176
1.65969
1.58815
1.01471
0.973440
0.822692
0.788983
0.898154
0.995569
0.731210
0.716712
0.928036
0.932617
1.01299
0.987299
0.982197
0.888178
1.00027
1.08174
1.15857
1.24300
0.970219
1.08692
1.09299
0.980589
1.08609
1.11143
0.984549
0.888719
0.912660
0.999059
1.20381
1.19378
1.12096
0.977159
1.43701
1.27200
1.51497
1.60016
1.16614
1.14055
0.735769
0.741907
0.913029
0.866946
0.620903
0.598820
0.908201
1.04436
1.08975
0.978897
0.939454
0.959806
1.09836
1.21320
1.37470
1.25136
1.03748
1.00713
1.22022
1.53867
1.15632
1.16741
0.903545
0.921407
0.906870
0.961089
1.18756
1.10674
0.993927
1.04220
1.18335
1.38035
1.40920
1.53109
1.35582
0.762992
0.874892
1.28318
1.05172
0.917212
0.891011
0.604385
0.696615
0.997092
1.03557
1.11422
1.01175
1.21394
1.14214
1.02999
1.07805
0.924802
1.08127
1.30167
1.34428
1.20089
1.09168
1.00440
1.18248
1.12633
1.12330
1.01700
1.01410
0.985618
1.12229
1.17344
1.32670
1.53269
0.849556
0.844728
0.890892
0.929985
0.918486
0.956740
1.09675
1.18173
0.775763
0.746157
0.697230
0.759739
1.06038
1.08045
1.12608
1.23842
1.74053
1.48479
1.35083
0.794215
0.803387
0.812879
0.729571
0.923975
0.926352
1.34998
1.28707
1.02091
1.11214
1.10099
1.05262
0.819334
0.887502
0.797486
0.976879
0.963027
1.06793
1.05227
0.989741
1.28806
1.44368
1.14424
1.09195
1.34788
1.16237
1.17458
1.04656
1.22610
1.18672
1.15583
1.09973
1.05357
0.976270
1.11542
1.10721
1.01876
1.10883
1.00004
1.12072
1.19055
1.22972
1.34803
1.45502
1.34261
1.42850
1.06786
1.08635
1.17600
1.07342
0.770378
0.776352
1.11014
1.06398
0.929784
0.885534
0.699758
0.801284
1.12967
1.25144
0.967440
0.921495
1.13902
1.04823
1.14267
1.28355
1.09891
1.06164
1.04317
1.11703
1.28495
1.32181
1.16053
1.15951
1.08872
1.09895
1.03739
1.10746
1.06999
0.613264
0.630832
1.27923
1.32261
1.28245
1.27772
0.775801
0.764840
1.08506
1.03166
1.00585
0.887858
0.901180
0.926221
1.40901
0.934783
0.942941
1.12453
0.948657
1.19012
1.12917
1.11109
1.10100
0.958916
0.951190
0.870932
0.854723
1.52910
1.43681
1.15578
1.07965
0.794187
0.851233
0.866171
0.824241
1.07063
0.979853
1.18781
0.990612
1.01801
0.604139
0.596330
0.697870
0.675348
0.914071
1.00509
1.03265
1.31234
0.936289
0.904779
0.895490
0.915799
0.914622
0.906369
1.00907
0.941332
0.915422
1.02221
0.929992
1.04705
0.930196
0.973864
1.66707
1.40877
1.53108
1.06954
0.948262
0.695579
0.855315
0.823587
0.779641
0.701318
0.789472
1.13032
1.14787
0.988702
0.929082
0.660464
0.608689
0.986446
0.959974
1.38004
0.891198
0.992695
0.874148
1.02173
0.927608
0.910401
0.975333
0.885734
0.953137
0.965269
1.02544
0.872975
0.932848
1.06623
1.36844
1.37397
0.898559
0.925374
0.706629
0.693623
0.880805
0.911716
1.08171
1.13861
0.859580
0.892320
1.14477
1.01568
0.967588
0.637012
0.637900
1.36415
1.35004
1.03642
0.945005
0.950860
1.19128
1.08197
1.01288
0.843608
0.774233
0.912584
0.943967
1.17927
1.23962
1.08123
0.885394
0.974745
1.03335
0.977678
0.955966
0.672143
0.663074
0.894144
1.15003
1.06463
1.00700
1.04022
1.00504
0.963815
0.936137
0.990867
0.667686
0.654864
1.17481
1.22794
1.02613
0.996029
0.859430
1.10076
0.908620
0.930321
1.03370
0.912545
0.954260
1.02471
1.08861
1.19392
1.03873
0.933773
1.00219
0.894175
1.26464
1.34670
1.01844
1.03356
1.34517
1.56462
0.638593
0.642107
0.805970
0.856003
0.898347
0.877358
0.928725
0.952341
0.929164
0.659842
0.647749
1.34872
1.20724
0.974127
1.02046
1.09764
0.926527
0.964035
1.03277
0.880015
0.906655
1.02580
1.01208
0.817120
0.951632
0.943945
0.909028
0.855730
0.847009
0.956215
0.972074
1.02899
1.01323
0.677527
0.693393
0.832878
0.757539
0.887760
0.925874
0.801311
0.739876
0.956889
1.05694
0.702831
0.670607
1.25374
1.32636
1.03367
0.946801
0.741561
0.842528
0.926640
0.967651
1.06098
1.21245
0.993781
0.964056
0.851156
0.863130
1.46769
1.44127
0.961074
1.04117
0.925161
1.00541
0.967929
0.924913
0.863192
0.842176
0.877929
0.894484
1.24635
0.831290
0.762790
0.937799
0.852029
1.19661
1.28076
0.852191
0.820810
0.860750
0.906855
0.991400
1.26912
1.35275
1.17468
1.49977
1.35007
1.38903
1.11486
1.13460
0.740261
0.654440
0.929866
0.933900
0.827169
0.884217
0.751491
0.753626
1.14161
1.14023
0.914879
0.947827
0.923928
0.856566
0.630057
0.668122
1.08446
1.12875
1.15981
1.12198
0.874522
0.876098
0.870283
0.915163
0.948559
0.961666
1.46832
1.38856
1.08068
1.10540
0.787931
0.725553
0.966450
0.933658
1.26740
1.23780
0.809040
0.793022
0.745377
0.752261
0.694455
0.707882
0.912824
0.824225
1.27284
0.913887
0.901382
0.888406
0.872386
0.652499
0.669637
1.22321
1.18610
0.794688
0.811083
0.950364
0.877681
0.812144
0.868970
1.28235
1.39120
1.13749
1.12087
1.12170
1.04763
0.873423
0.899956
0.980856
0.906158
0.737494
0.844881
0.780566
0.766098
1.26098
0.933210
0.933513
0.701749
0.667756
0.763214
0.958519
1.37236
0.895784
0.843154
0.800280
0.674897
0.702581
1.19249
1.34024
1.36240
1.23462
0.954081
1.04942
1.01664
0.772835
1.24356
1.37077
1.12694
1.06390
1.00116
0.886638
0.847594
0.740598
0.903470
0.896793
0.777331
0.838942
0.805894
0.838254
0.852593
0.874400
1.31615
0.800376
0.831665
0.724132
0.715153
0.763445
0.835584
0.853477
0.812964
0.699536
0.702667
1.23408
1.16489
1.40110
1.41000
0.958726
0.848389
0.912477
0.946202
1.29982
1.25715
1.01963
1.14483
0.918834
1.07080
0.863714
0.887744
0.920593
0.786868
0.815621
0.794443
0.851969
0.815340
0.997922
1.04097
1.29671
1.22245
0.802680
0.940076
0.640270
0.629893
0.827803
0.877415
0.801025
0.755717
0.682607
0.697705
1.17871
1.07778
1.40837
1.25755
0.819665
0.885526
1.08240
1.13433
1.12205
1.07520
0.977572
0.824152
0.979893
0.890192
0.900882
0.763842
0.691391
0.895973
0.905446
0.998867
0.892244
1.06274
1.11016
1.22685
0.875247
0.865594
0.817401
0.791021
0.907577
0.847630
0.742953
0.800532
0.669901
0.693012
1.13479
1.16064
1.36274
1.25173
0.773005
0.867371
0.747131
0.755879
1.19846
1.13588
0.941426
0.996226
0.918284
0.889222
0.837595
0.832305
1.09883
1.11976
0.890439
0.788905
0.930456
0.967496
0.946926
0.956856
1.26347
0.920058
0.876841
0.685215
0.776581
0.791241
0.790793
0.819429
0.693335
0.654934
0.676730
1.16644
1.27956
1.33421
1.43869
1.29075
1.38556
0.898143
0.982179
0.787881
0.897365
0.843776
1.02129
1.17198
1.17142
0.800805
0.813842
0.870825
0.889934
0.870049
0.890469
1.03441
0.997082
1.06046
0.843112
0.972692
1.17670
0.796922
0.826081
0.752197
0.753511
0.706352
0.713888
0.899871
0.828064
1.07318
1.23676
1.18266
1.45287
0.898216
0.879918
0.857575
0.766844
0.871922
0.706267
1.04273
1.11464
0.874970
0.865815
1.00443
0.969044
0.908729
0.904243
0.984812
1.16426
0.834618
0.836906
0.899234
0.957264
1.15852
1.30712
1.42774
1.46822
0.766780
0.844974
0.757001
0.790523
0.883806
0.841581
1.31697
1.01786
0.946627
0.743586
0.859734
0.718302
0.863089
0.886514
1.05198
0.889584
1.06098
0.867644
0.873418
0.774661
0.787248
0.752413
0.784609
0.870968
0.852066
1.30504
0.857818
0.895734
1.08971
0.955589
1.41285
1.31807
0.796453
0.905544
0.783957
0.860565
1.10362
0.956062
1.16149
1.10932
1.58776
1.45030
1.34421
1.28277
0.931361
0.965405
0.899583
0.894388
0.756978
0.752560
0.843532
0.908732
0.849418
0.882689
0.795458
0.854574
1.02990
1.17397
1.18588
1.20152
0.909009
0.806860
0.943422
0.987574
0.964601
0.912320
1.40038
1.45544
1.46081
1.33669
0.966830
1.04115
0.982265
0.969041
0.902194
0.895000
0.882079
0.854870
0.797694
0.968258
0.787847
0.760136
1.30894
1.20801
0.882744
0.917006
0.897177
0.895738
0.779070
0.787535
1.18965
0.909979
1.19784
1.24486
0.817700
0.882985
0.943595
0.956573
0.934391
0.930652
1.00254
0.877196
0.784224
0.841096
0.843984
0.983931
0.875152
0.873931
0.891415
0.881038
0.894827
0.821231
0.737605
0.764053
1.30855
1.37230
1.50458
0.931207
0.891165
0.928282
1.01484
0.718740
0.775509
1.02229
0.740985
0.743609
0.866901
0.872210
0.779173
0.772516
0.933543
0.896715
0.896734
0.825108
0.727557
0.756679
1.19733
1.29858
1.07945
0.771187
0.722583
1.16131
1.07818
0.866301
0.892457
0.925714
0.815883
1.13942
0.993781
0.941771
0.850732
0.886768
1.08642
0.729907
0.787285
0.862725
0.848092
0.776771
0.876694
1.12800
0.997026
1.37223
1.29058
1.12746
1.00477
1.01983
1.03322
0.748571
0.753724
0.771869
0.789532
0.919312
0.956258
0.733393
0.695031
0.839463
0.922738
0.778802
0.779065
0.805438
1.16790
1.11167
0.884657
0.872438
1.04988
0.978621
1.18829
1.17793
0.779669
0.764948
0.790831
0.815146
0.691035
0.710350
1.12256
1.04716
0.778924
0.786523
0.779370
0.737598
1.00737
1.00106
0.835005
0.810637
1.26449
1.20665
0.823812
0.760465
0.967359
0.937770
0.980493
1.11304
0.797066
0.753438
0.974925
0.949578
0.680590
0.705151
0.796654
0.822858
1.24414
1.04720
0.819805
0.784531
0.873772
0.920803
0.830007
0.811703
1.21707
0.781882
0.824489
0.808629
0.798858
0.890382
1.03624
0.718570
0.761985
1.00228
0.921895
0.691045
0.758623
0.794964
0.715190
1.12862
1.03516
0.844952
0.773418
0.926121
0.779053
0.821469
0.807972
0.728800
0.782446
0.824444
0.808411
0.990820
1.08280
0.756615
0.756351
0.966107
1.05702
0.770644
0.730332
1.00924
1.12297
0.785046
0.807555
0.897248
0.729437
1.18235
1.14746
1.01093
1.00670
1.09856
0.712884
0.746494
0.754508
0.798258
0.785482
0.816798
1.01261
0.971194
0.738723
0.710376
0.941969
0.887200
0.719334
0.738857
0.950322
0.851160
0.732956
0.719496
0.735161
0.691249
1.13810
1.00655
1.08260
1.09933
1.13854
0.749199
0.773930
0.809876
0.824094
0.943277
0.770146
1.02139
0.975935
0.770548
0.720936
1.11551
0.852818
0.747919
0.692506
0.952946
0.972953
0.740709
0.681822
0.685076
0.734882
1.13743
1.17038
1.10571
1.10573
0.962407
1.00101
0.744624
0.743807
0.856954
0.868781
0.813596
0.758211
1.10913
1.11776
0.706233
0.738143
0.862427
1.07298
0.726466
0.769423
1.05220
0.977440
0.677048
0.709297
0.752912
0.725534
1.07000
1.06792
1.20964
0.738561
0.723983
1.19550
1.11612
0.751340
0.741566
0.831436
0.790950
0.724304
0.740670
1.10875
1.17534
0.675682
0.710719
1.10035
1.21282
1.19288
0.713828
0.723096
0.834984
0.883892
0.719287
0.713195
1.08061
1.13773
1.28953
0.759897
0.792934
1.36149
1.14838
0.810624
0.830792
0.953258
0.958121
0.824121
0.798076
0.967928
0.992399
1.08234
0.992416
0.882959
0.883548
0.696963
0.691102
0.667716
0.691214
1.05676
1.10579
1.25542
0.802127
0.805876
1.19036
1.14360
0.743077
0.725331
0.804849
0.725671
0.822450
0.837992
1.08218
0.995938
0.684853
0.730628
1.11789
1.24697
0.754206
0.724402
1.08779
0.733001
1.13111
1.17585
0.742892
0.744130
0.873114
0.959344
0.725075
0.699792
2.23961
2.29647
0.773222
0.789616
0.720331
0.720804
0.818975
0.825888
1.17738
0.670957
0.724662
1.01538
1.06763
0.740847
0.722707
0.734735
0.678297
1.10383
1.07975
0.722999
0.722055
0.912578
1.14099
0.670323
0.736123
0.791859
0.750535
1.03522
0.952203
1.11847
0.813969
0.919494
0.886250
1.00120
0.668379
0.711208
1.11750
1.17214
1.30586
1.25639
1.17719
1.24614
0.842250
1.02649
1.09160
1.33743
1.19336
1.11890
1.21469
1.20869
0.913276
0.798551
1.12079
1.04580
1.31827
1.27085
1.12354
1.17722
1.02258
0.985254
1.13147
1.26683
1.37850
1.58932
0.959980
1.03610
0.880640
0.713063
1.07776
1.02814
1.26863
1.17003
0.712903
0.723795
1.21976
0.931312
0.914129
0.649741
0.693664
1.14466
0.735721
0.716207
1.18636
1.16133
0.760517
0.749735
1.13828
1.01176
0.864776
0.936623
1.18071
0.973526
0.896403
0.799960
1.15193
1.10512
0.823235
0.922021
1.08283
1.24171
0.864680
0.856248
0.952836
0.921304
0.774650
0.707108
0.903087
0.774495
0.760851
0.736174
1.22127
0.755601
0.756434
1.31991
1.09940
0.798428
0.763388
1.12152
0.840013
0.919262
0.885260
0.869149
0.771579
0.789071
0.760954
0.717551
0.993629
0.953284
0.976230
0.912868
0.741506
0.745652
0.830442
0.861896
0.748455
0.715548
1.23082
0.749417
0.778684
1.02935
0.843698
1.11018
1.06833
0.723796
0.775529
1.17772
1.02437
0.880719
0.767018
0.744590
0.988299
1.06664
0.881106
0.839733
0.836902
0.901381
0.776455
0.790634
0.743866
0.684884
0.832771
0.834171
0.941846
0.865575
1.05109
0.926433
0.734857
0.748720
1.19022
0.911812
0.974419
0.847252
0.905587
0.781133
0.722080
0.935764
1.16172
0.896364
0.830612
0.803125
0.802930
1.09355
1.12978
0.745879
0.744574
1.21660
