0.02676679567 22.92000000
0.03582011908 23.03000000
0.02539991774 23.07000000
0.03551338613 23.05000000
0.03784714639 23.05000000
0.02620149031 23.05000000
0.03805149347 23.02000000
0.03942203149 23.05000000
0.02890145220 23.06000000
0.02562559396 23.08000000
0.03600887954 23.04000000
0.03566339239 23.04000000
0.02281487361 23.05000000
0.03892491385 22.99000000
0.03693725169 23.05000000
0.03771727532 23.05000000
0.03522200137 23.05000000
0.03990607709 23.06000000
0.02574549057 23.04000000
0.02570302784 23.06000000
0.03600161523 23.04000000
0.02298746072 23.05000000
0.03570627421 23.04000000
0.03844074905 22.99000000
0.03680193797 23.05000000
0.03526526690 23.05000000
0.04023784399 23.06000000
0.03805546463 23.04000000
0.02572735399 23.04000000
0.02897419594 23.06000000
0.03596926481 23.04000000
0.03568646684 23.04000000
0.02310257778 23.05000000
0.03841301054 22.99000000
0.03694372997 23.05000000
0.03960404173 23.06000000
0.03788715601 23.05000000
0.03524455056 23.05000000
0.02583906800 23.04000000
0.02558233216 23.06000000
0.03607429937 23.04000000
0.02265840583 23.05000000
0.03575005382 23.04000000
0.03835093975 22.99000000
0.03679782525 23.05000000
0.03972363099 23.06000000
0.02877583355 23.04000000
0.03852185607 23.05000000
0.03532663360 23.05000000
0.02563290671 23.06000000
0.03579417989 23.04000000
0.02111306228 23.05000000
0.03594347090 23.04000000
0.03924443573 22.99000000
0.03688601032 23.05000000
0.03896262869 23.06000000
0.03736004606 23.05000000
0.03588350117 23.06000000
0.02373767085 22.98000000
0.03908808529 23.06000000
0.03722823784 23.05000000
0.03610464931 23.06000000
0.02959790267 23.06000000
0.03898912668 23.06000000
0.03723490611 23.05000000
0.03598738462 23.06000000
0.02950377576 23.06000000
0.03910383210 23.06000000
0.03734668717 23.05000000
0.03592592850 23.06000000
0.02968680114 23.06000000
0.03924942017 23.06000000
0.03743733093 23.05000000
0.03612197191 23.06000000
0.02584385872 23.06000000
0.03914899752 23.06000000
0.03767222166 23.05000000
0.03600315005 23.06000000
0.02957839146 23.06000000
0.03913113102 23.06000000
0.03764499351 23.05000000
0.03601220623 23.06000000
0.02577555180 23.06000000
0.03942484409 23.06000000
0.03781234473 23.05000000
0.03605613858 23.06000000
0.02573960274 23.06000000
0.03921758011 23.06000000
0.03782595694 23.05000000
0.03585149348 23.06000000
0.02578121424 23.06000000
0.03910147771 23.06000000
0.03774717450 23.05000000
0.03604244068 23.06000000
0.03564707562 23.06000000
0.03979691491 23.06000000
0.02584813163 23.04000000
0.03885894269 23.05000000
0.03537020087 23.05000000
0.02559624612 23.06000000
0.03600779548 23.04000000
0.02110983618 23.05000000
0.03884132206 22.99000000
0.03589600697 23.04000000
0.03937587515 23.06000000
0.03779580072 23.05000000
0.03598089889 23.06000000
0.03563766181 23.06000000
0.03939243779 23.06000000
0.03772969916 23.05000000
0.03594416007 23.06000000
0.02579670586 23.06000000
0.03937186301 23.06000000
0.03785087168 23.05000000
0.03580178693 23.06000000
0.02960461564 23.06000000
0.03961182013 23.06000000
0.03780477867 23.05000000
0.03587190807 23.06000000
0.03562081978 23.06000000
0.03742132708 23.04000000
0.03598000109 23.05000000
0.03578589857 23.05000000
0.03846306354 23.06000000
0.03494492546 23.06000000
0.03940886632 23.06000000
0.03766467422 23.05000000
0.03616910428 23.06000000
0.03559458628 23.06000000
0.03727390617 23.04000000
0.03613564372 23.05000000
0.03579851240 23.05000000
0.03842489049 23.06000000
0.03483560681 23.06000000
0.03958835825 23.06000000
0.03787230328 23.05000000
0.03602489084 23.06000000
0.02951020002 23.06000000
0.03720495105 23.04000000
0.03611494228 23.05000000
0.03559564799 23.05000000
0.03841621429 23.06000000
0.03498008847 23.06000000
0.03953412548 23.06000000
0.03772635013 23.05000000
0.03604165092 23.06000000
0.02942665108 23.06000000
0.03736226633 23.04000000
0.03604241833 23.05000000
0.03567219526 23.05000000
0.03847830743 23.06000000
0.03495761007 23.06000000
0.03878723830 23.06000000
0.03639749810 23.06000000
0.03473762423 23.01000000
0.03634741902 23.06000000
0.03792726994 23.05000000
0.03589622304 23.06000000
0.03852735460 23.05000000
0.03688198328 23.05000000
0.03829855472 23.07000000
0.03880177811 23.06000000
0.03635375947 23.06000000
0.03490823135 23.01000000
0.03600356355 23.06000000
0.03741147369 23.05000000
0.03575209156 23.06000000
0.03860508651 23.05000000
0.03694191575 23.05000000
0.03832059354 23.07000000
0.03885865211 23.06000000
0.03680800274 23.06000000
0.03490772098 23.01000000
0.03611329198 23.06000000
0.03738806397 23.05000000
0.03585525975 23.06000000
0.03863874823 23.05000000
0.03705574572 23.05000000
0.03821292147 23.07000000
0.03679162636 23.05000000
0.03966750205 23.06000000
0.02608121186 23.04000000
0.03886023164 23.05000000
0.02564770356 23.06000000
0.03539760038 23.05000000
0.03594537452 23.04000000
0.03886834905 23.06000000
0.03634931892 23.06000000
0.03492913395 23.01000000
0.03590131551 23.06000000
0.03736092895 23.04000000
0.03566684574 23.06000000
0.03869739547 23.05000000
0.03723154962 23.05000000
0.03824453428 23.07000000
0.03898960352 23.06000000
0.03635521978 23.06000000
0.03486261144 23.01000000
0.03599249944 23.06000000
0.03739847988 23.04000000
0.03583944589 23.06000000
0.03859905899 23.05000000
0.03730767593 23.05000000
0.03837770596 23.07000000
0.03903846815 23.06000000
0.03639212996 23.06000000
0.03490539640 23.01000000
0.03596685082 23.06000000
0.03739801794 23.04000000
0.03574633598 23.06000000
0.03861743212 23.05000000
0.03734770790 23.05000000
0.03833069280 23.07000000
0.03895531222 23.06000000
0.03634709120 23.06000000
0.03488512710 23.01000000
0.03590828553 23.06000000
0.03901964054 23.06000000
0.03635470942 23.06000000
0.03485669196 23.01000000
0.03578877449 23.06000000
0.03889184073 23.06000000
0.03654661775 23.06000000
0.03481301665 23.01000000
0.03582470864 23.06000000
0.03878882155 23.06000000
0.03662129492 23.06000000
0.03499074653 23.01000000
0.03582397476 23.06000000
0.03885670751 23.06000000
0.03662264720 23.06000000
0.03491111100 23.01000000
0.03585115075 23.06000000
0.03878153116 23.06000000
0.03653090447 23.06000000
0.03499285132 23.01000000
0.03577027470 23.06000000
0.03872871026 23.06000000
0.03659521788 23.06000000
0.03497322276 23.01000000
0.03579790518 23.06000000
0.03925874829 22.99000000
0.02361740544 23.05000000
0.03576692566 23.04000000
0.03689294681 23.05000000
0.03966674581 23.06000000
0.02898985893 23.06000000
0.02599160373 23.04000000
0.03946948797 23.05000000
0.03594682738 23.04000000
0.03534731641 23.05000000
0.03868108988 23.06000000
0.03666044772 23.06000000
0.03478468955 23.01000000
0.03583982959 23.06000000
0.03874783218 23.06000000
0.03673210740 23.06000000
0.03491182625 23.01000000
0.03590445593 23.06000000
0.03872971237 23.06000000
0.03665884212 23.06000000
0.03503601253 23.01000000
0.03584424406 23.06000000
0.03879623860 23.06000000
0.03675266355 23.06000000
0.03505939990 23.01000000
0.03581152111 23.06000000
0.03871236742 23.04000000
0.04087468237 23.02000000
0.03724802285 23.05000000
0.03582689539 23.09000000
0.03879048675 23.04000000
0.04088428617 23.02000000
0.03731643409 23.05000000
0.03580096364 23.09000000
0.03885438666 23.04000000
0.04103905335 23.02000000
0.03729752451 23.05000000
0.03593752906 23.08000000
0.03895051032 23.04000000
0.04111560062 23.02000000
0.03750829399 23.05000000
0.03579600900 23.08000000
0.03903938085 23.04000000
0.04096925631 23.02000000
0.03734285384 23.05000000
0.03584786132 23.08000000
0.03897211328 23.04000000
0.04102860019 23.02000000
0.03737085685 23.05000000
0.03605076671 23.08000000
0.03913616017 23.04000000
0.04090930521 23.02000000
0.04005262256 22.99000000
0.02101573721 23.05000000
0.03671325743 23.05000000
0.03581057861 23.04000000
0.03652019054 23.06000000
0.02851127833 23.06000000
0.02593905479 23.04000000
0.03975761682 23.05000000
0.02916949056 23.04000000
0.03543520346 23.05000000
0.03743547201 23.05000000
0.03603564203 23.08000000
0.03918373585 23.04000000
0.04117646441 23.02000000
0.03742976114 23.05000000
0.03601432592 23.08000000
0.03905322030 23.04000000
0.04113679007 23.02000000
0.03737711534 23.05000000
0.03624552488 23.08000000
0.03882692009 23.04000000
0.04113540053 23.02000000
0.03738011420 23.05000000
0.03621044755 23.08000000
0.03867980093 23.04000000
0.04129667953 23.02000000
0.03734769672 23.05000000
0.03632061183 23.07000000
0.03870925307 23.04000000
0.04113592952 23.02000000
0.03753475100 23.05000000
0.03638581187 23.07000000
0.03845528141 23.04000000
0.04134742171 23.02000000
0.03743769601 23.05000000
0.03633137792 23.07000000
0.03840059787 23.04000000
0.04122891650 23.02000000
0.03749544919 23.05000000
0.03679675981 23.07000000
0.03850744292 23.04000000
0.04125592858 23.02000000
0.03743290529 23.05000000
0.03674113005 23.07000000
0.03867242485 23.04000000
0.04118318483 23.02000000
0.03731567785 23.06000000
0.03644479811 23.07000000
0.03827653080 23.04000000
0.04118821397 23.02000000
0.03718223795 23.06000000
0.03636942431 23.06000000
0.01974370331 23.03000000
0.04128677398 22.99000000
0.02109709196 23.05000000
0.03589186445 23.07000000
0.03579826280 23.04000000
0.02917491272 23.02000000
0.02593003586 23.04000000
0.03619657084 23.05000000
0.03981794417 23.05000000
0.03907375038 22.99000000
0.03579708189 23.03000000
0.02545331046 23.07000000
0.03548482060 23.05000000
0.03738357872 23.05000000
0.03376611322 23.04000000
0.03837940842 23.02000000
0.03592821956 23.05000000
0.03578073904 23.09000000
0.03570208699 23.05000000
0.03568128496 23.09000000
0.03579467535 23.05000000
0.03558927774 23.09000000
0.03583089262 23.05000000
0.03561913222 23.09000000
0.03550131246 23.05000000
0.03558040410 23.09000000
0.03564507887 23.06000000
0.03556185588 23.09000000
0.03572374582 23.06000000
0.03559843451 23.09000000
0.03554021567 23.06000000
0.03567840904 23.09000000
0.03558791801 23.05000000
0.03561360016 23.09000000
0.03570440784 23.05000000
0.03565072641 23.09000000
0.03547343239 23.05000000
0.02151701413 23.03000000
0.02855775133 23.05000000
0.02339278534 23.05000000
0.03591589257 23.06000000
0.03587129712 23.04000000
0.02513284236 23.02000000
0.03559605032 23.06000000
0.03559580073 23.09000000
0.03551539779 23.06000000
0.03570456803 23.09000000
0.03550859541 23.06000000
0.03569987416 23.09000000
0.03569120914 23.06000000
0.03640330955 23.09000000
0.03572167456 23.06000000
0.03566652164 23.09000000
0.03551332653 23.06000000
0.03573686630 23.09000000
0.03569060937 23.06000000
0.03582616895 23.09000000
0.03984314576 23.02000000
0.02087770589 23.05000000
0.03136152029 23.02000000
0.01822784729 23.05000000
0.03133279085 23.02000000
0.02154310793 23.05000000
0.03612959757 23.05000000
0.03590035811 23.10000000
0.04040431976 23.05000000
0.03540912643 23.05000000
0.02145747468 23.03000000
0.03314037621 22.94000000
0.03596877307 23.06000000
0.03821901977 23.04000000
0.03600513190 23.04000000
0.03132313117 23.02000000
0.01850668900 23.05000000
0.03150805458 23.02000000
0.02085343003 23.05000000
0.03997342288 23.02000000
0.01939025521 23.05000000
0.03993021697 23.02000000
0.01966178790 23.05000000
0.03188168630 23.02000000
0.01944541931 23.05000000
0.04009364545 23.02000000
0.01932174340 23.05000000
0.03140408918 23.02000000
0.01934755035 23.05000000
0.02678583190 23.02000000
0.01940495893 23.05000000
0.03139682114 23.02000000
0.01824599132 23.05000000
0.03144869953 23.02000000
0.01824895851 23.05000000
0.03607481718 23.05000000
0.02509455010 23.02000000
0.03590206802 23.10000000
0.02625763603 22.98000000
0.03552078456 23.05000000
0.02151296660 23.03000000
0.03331330046 22.95000000
0.03588428721 23.06000000
0.03761269525 23.04000000
0.03975316137 22.98000000
0.02677519247 23.02000000
0.02095456794 23.05000000
0.03134983778 23.02000000
0.01822124422 23.05000000
0.03992179409 23.02000000
0.02098586224 23.05000000
0.03596913069 23.04000000
0.02527474426 23.02000000
0.03564749286 23.10000000
0.02647446096 22.98000000
0.02520881593 23.00000000
0.02166706137 23.03000000
0.02527467906 23.07000000
0.03243047744 22.91000000
0.03778152913 23.04000000
0.03998997808 22.98000000
0.03603191674 23.04000000
0.02509371564 23.02000000
0.03547572717 23.10000000
0.02663763799 22.98000000
0.01979462802 23.03000000
0.02986647934 23.00000000
0.03564383835 23.07000000
0.03354371339 22.95000000
0.03773015738 23.04000000
0.03988112509 22.98000000
0.03586773574 23.04000000
0.02522825077 23.02000000
0.03533310071 23.11000000
0.02686119080 22.98000000
0.03567618877 23.07000000
0.02145894989 23.03000000
0.03448747098 23.02000000
0.02979838289 23.00000000
0.03778973222 23.04000000
0.03983023018 22.98000000
0.03685314953 23.04000000
0.02504126728 23.02000000
0.03520011157 23.11000000
0.02721940726 22.98000000
0.03601983190 23.07000000
0.02028635889 23.03000000
0.02904164232 22.80000000
0.02510856092 23.00000000
0.03774257004 23.04000000
0.03588524461 23.04000000
0.02502161451 23.02000000
0.03944249824 22.98000000
0.03526759520 23.11000000
0.02745211497 22.98000000
0.03551927209 23.07000000
0.02358113416 23.03000000
0.03497681767 23.03000000
0.03003433719 23.00000000
0.03770344704 23.04000000
0.03572290391 23.04000000
0.02504150011 23.02000000
0.03947829455 22.98000000
0.03523790836 23.11000000
0.03564267606 23.07000000
0.02783167735 22.99000000
0.02361460403 23.03000000
0.03774403036 23.09000000
0.03779489547 23.04000000
0.03859282285 23.00000000
0.03592147678 23.04000000
0.02905869856 23.02000000
0.03941455483 23.06000000
0.02925752290 23.06000000
0.02307962812 23.04000000
0.03584042564 23.03000000
0.03848272562 22.99000000
0.03747706115 23.04000000
0.03759099543 23.05000000
0.03591940179 23.05000000
0.03313118964 23.02000000
0.03082446940 22.98000000
0.03952645510 22.98000000
0.03532219306 23.11000000
0.03575237840 23.07000000
0.01984066889 23.03000000
0.02807035297 22.99000000
0.03837993369 23.09000000
0.02968687192 23.00000000
0.03805404156 23.04000000
0.03571400046 23.04000000
0.03588614240 23.02000000
0.03920671344 22.99000000
0.03506240249 23.11000000
0.03569583595 23.07000000
0.02386547811 23.03000000
0.02877911180 22.98000000
0.03829639405 23.09000000
0.03796104714 23.04000000
0.02971778065 23.00000000
0.02614738047 23.02000000
0.03853746504 23.04000000
0.02555537410 23.01000000
0.01992945746 23.02000000
0.02535616420 23.05000000
0.02527701110 23.04000000
0.02067998238 23.04000000
0.02504277416 23.07000000
0.02581797540 23.06000000
0.03574196622 23.04000000
0.03586585075 23.02000000
0.03925705701 22.98000000
0.03609701246 23.07000000
0.02381780557 23.03000000
0.02899328992 22.98000000
0.03788773343 23.09000000
0.02654663287 23.07000000
0.03506463766 23.09000000
0.02736038715 22.90000000
0.03856737912 23.04000000
0.02564322203 23.01000000
0.01868071035 23.02000000
0.02521798015 23.05000000
0.02884395793 23.04000000
0.02276371047 23.04000000
0.02504121885 23.07000000
0.02592046559 23.06000000
0.02657687105 23.06000000
0.03530949727 23.09000000
0.03002277389 23.02000000
0.02569399588 23.01000000
0.03840970621 23.04000000
0.02000332996 23.02000000
0.02518959530 23.05000000
0.02871304937 23.04000000
0.02250530571 23.04000000
0.02895843424 23.07000000
0.02569845133 23.06000000
0.02690797672 23.06000000
0.03521096706 23.09000000
0.02573319897 23.01000000
0.02993231080 23.02000000
0.01868085936 23.02000000
0.03891507536 23.02000000
0.02534968033 23.05000000
0.02519594505 23.04000000
0.02259322256 23.04000000
0.03497694433 23.07000000
0.02586950548 23.06000000
0.02655716799 23.06000000
0.03515693918 23.09000000
0.02576022223 23.01000000
0.01995547488 23.01000000
0.03755808622 23.02000000
0.02530104294 23.05000000
0.03841152787 23.02000000
0.02500028349 23.03000000
0.02237940393 23.04000000
0.03476447612 23.07000000
0.02577737905 23.06000000
0.02642627992 23.06000000
0.02565078065 23.00000000
0.03521254286 23.09000000
0.02184531838 23.01000000
0.02513047121 23.05000000
0.02602966316 23.02000000
0.02499079704 23.03000000
0.02239538543 23.04000000
0.03858125210 23.02000000
0.03474979103 23.07000000
0.02570408955 23.06000000
0.02644398622 23.06000000
0.02556875907 23.00000000
0.02181382477 23.01000000
0.03515056148 23.09000000
0.02514799498 23.05000000
0.02495271154 23.03000000
0.02602664381 23.02000000
0.02510573156 23.04000000
0.03843644261 23.02000000
0.03473433852 23.07000000
0.02561562881 23.06000000
0.02638165280 23.06000000
0.02557973005 23.00000000
0.02184190601 23.01000000
0.02511043102 23.05000000
0.03469083831 23.09000000
0.02500140667 23.03000000
0.02602909878 23.02000000
0.02048747241 23.04000000
0.03823749721 23.02000000
0.03486601263 23.07000000
0.02574924752 23.06000000
0.02553655952 23.00000000
0.02671300992 23.06000000
0.02168621123 23.01000000
0.02509608306 23.05000000
0.03486092761 23.09000000
0.02495702729 23.03000000
0.02495557442 23.04000000
0.02601654828 23.02000000
0.02881701849 23.07000000
0.03818650171 23.02000000
0.02566049993 23.06000000
0.02560167573 23.00000000
0.02664256282 23.01000000
0.02636661753 23.06000000
0.02513690665 23.05000000
0.02499403805 23.03000000
0.03481283039 23.09000000
0.02503808960 23.04000000
0.02728600986 22.91000000
0.03579925746 23.04000000
0.03786536679 23.04000000
0.02528532222 23.00000000
0.03550934792 23.02000000
0.03684159741 23.07000000
0.03896942735 22.98000000
0.02364998683 23.03000000
0.02923863381 22.98000000
0.03795132041 23.09000000
0.02502503805 23.07000000
0.03801774606 23.02000000
0.02559129149 23.06000000
0.02555488609 23.00000000
0.02192368731 23.01000000
0.02622270584 23.06000000
0.02522929013 23.05000000
0.02498950623 23.03000000
0.03510267287 23.09000000
0.02234039642 23.04000000
0.02595026977 23.02000000
0.02495049313 23.07000000
0.03792340681 23.02000000
0.02716841362 23.02000000
0.02556536160 23.06000000
0.02510535717 23.03000000
0.02631400153 23.06000000
0.02534490451 23.06000000
0.02511885762 23.00000000
0.03137867898 22.89000000
0.03505507112 23.09000000
0.03070201166 23.05000000
0.02586300112 23.02000000
0.02690075338 23.02000000
0.02599294484 23.08000000
0.02957054600 23.03000000
0.03775795177 23.02000000
0.02582784742 23.07000000
0.02527157962 23.06000000
0.02518161759 23.00000000
0.02585036866 23.05000000
0.02655587345 22.93000000
0.02666216716 23.06000000
0.02658395283 23.05000000
0.03019334003 23.02000000
0.03626062721 23.05000000
0.02907028794 23.03000000
0.02597695962 23.08000000
0.02519741282 23.06000000
0.02561565116 23.07000000
0.02281947248 23.00000000
0.02596285939 23.05000000
0.02658252046 23.06000000
0.02705359273 23.02000000
0.02617594413 23.05000000
0.03588186577 23.05000000
0.02956731990 23.03000000
0.02596135996 23.08000000
0.02520732954 23.06000000
0.02544125356 23.07000000
0.02544945665 23.00000000
0.02594619989 23.05000000
0.03012011759 22.82000000
0.02683418617 23.06000000
0.02718410827 23.02000000
0.03048441745 23.05000000
0.02500596084 23.03000000
0.03586870432 23.05000000
0.02578038909 23.08000000
0.02514477633 23.06000000
0.02533335611 23.07000000
0.03657195717 23.01000000
0.02741817944 22.98000000
0.03417104855 22.96000000
0.02732484974 23.02000000
0.02657209709 23.06000000
0.02603055164 23.05000000
0.02494092472 23.03000000
0.02586458623 23.08000000
0.03588648140 23.05000000
0.02520939708 23.06000000
0.02531179599 23.07000000
0.02540863864 23.01000000
0.03028231859 22.85000000
0.02537310869 23.03000000
0.02754864842 23.02000000
0.03050174564 23.05000000
0.02659614570 23.06000000
0.02502654493 23.03000000
0.02511494979 23.06000000
0.02576663345 23.08000000
0.03565526754 23.05000000
0.03647216037 23.01000000
0.02522347681 23.07000000
0.03020469844 22.85000000
0.02599844337 23.05000000
0.02762069926 23.02000000
0.02596510202 23.05000000
0.02503001504 23.03000000
0.02643441036 23.06000000
0.02584247664 23.08000000
0.02511531115 23.06000000
0.03578240424 23.05000000
0.02526602708 23.01000000
0.02550712228 23.07000000
0.03577705473 23.04000000
0.03785762563 23.04000000
0.02892571874 23.01000000
0.02520271763 23.00000000
0.03877225518 23.07000000
0.03485231102 23.11000000
0.03870294616 22.98000000
0.02383560687 23.03000000
0.02919338830 22.82000000
0.02603602782 23.05000000
0.02797314525 23.02000000
0.02507203445 23.03000000
0.02605301701 23.05000000
0.02648974396 23.06000000
0.02511905320 23.06000000
0.02578092739 23.08000000
0.03585095704 23.06000000
0.02514117025 23.01000000
0.02533197589 23.07000000
0.03015664034 22.85000000
0.02806275338 23.02000000
0.02612064779 23.05000000
0.02951521985 23.04000000
0.02602448128 23.05000000
0.02673713677 23.06000000
0.02520571090 23.07000000
0.02573778108 23.08000000
0.02547224797 23.01000000
0.03562742472 23.06000000
0.02536276914 23.07000000
0.02839232981 23.02000000
0.02632032521 22.93000000
0.02601174451 23.05000000
0.02912415564 23.04000000
0.03063051030 23.05000000
0.02659713849 23.06000000
0.02494773827 23.07000000
0.02573187836 23.08000000
0.02523610741 23.02000000
0.03621360287 23.05000000
0.02527201921 23.07000000
0.02868316695 23.02000000
0.02865970321 22.80000000
0.02920127660 23.04000000
0.02610103041 23.05000000
0.02605258673 23.05000000
0.02496100217 23.07000000
0.02663669735 23.06000000
0.02576770820 23.08000000
0.02529376000 23.01000000
0.03569908813 23.05000000
0.02886235341 23.02000000
0.02540296130 23.07000000
0.02970543876 22.84000000
0.02500011586 23.04000000
0.02591364086 23.05000000
0.02607616410 23.05000000
0.02497300878 23.07000000
0.02665555105 23.06000000
0.02576008253 23.08000000
0.02942274511 23.01000000
0.02895166352 23.02000000
0.02544390969 23.07000000
0.03555811942 23.05000000
0.02908381633 22.82000000
0.02939460054 23.04000000
0.02590071969 23.05000000
0.02608102933 23.05000000
0.02495937422 23.07000000
0.02565229870 23.08000000
0.02665941790 23.06000000
0.02528391965 23.01000000
0.02920869365 23.02000000
0.02609912120 22.70000000
0.02531852014 23.07000000
0.03572532535 23.05000000
0.02910920233 23.04000000
0.02776989155 23.07000000
0.02619280666 23.05000000
0.02504376695 23.07000000
0.02539561689 23.01000000
0.02567126229 23.08000000
0.02673441172 23.06000000
0.02922291681 23.02000000
0.02534823678 23.07000000
0.02739638463 22.95000000
0.03565128148 23.05000000
0.02920827456 23.04000000
0.02605439350 23.05000000
0.03811390698 23.02000000
0.02500759810 23.07000000
0.03654761985 23.01000000
0.02597541176 23.08000000
0.02661138959 23.06000000
0.02938864380 23.02000000
0.03646499664 23.01000000
0.02933626063 23.07000000
0.02920524776 23.04000000
0.03566420451 23.05000000
0.02497851476 23.07000000
0.02615996823 23.05000000
0.03829269484 23.02000000
0.02931731939 23.01000000
0.02570698410 23.08000000
0.04002667964 23.05000000
0.02651494369 23.06000000
0.03792553395 23.09000000
0.02944891527 22.98000000
0.03567922488 23.04000000
0.03786531836 23.05000000
0.02887848765 23.01000000
0.02524826676 23.00000000
0.04291832447 23.07000000
0.03485756740 23.11000000
0.03882555291 22.98000000
0.02169628441 23.03000000
0.03798360378 23.09000000
0.02963817120 22.98000000
0.03558536619 23.04000000
0.03787727654 23.05000000
0.03548842669 23.01000000
0.02531980164 23.00000000
0.04046266153 22.94000000
0.03494654968 23.11000000
0.02178558148 23.03000000
0.03886768222 22.98000000
0.03791712970 23.09000000
0.02986701205 22.98000000
0.02595867217 22.99000000
0.02508692071 23.01000000
0.03818473592 23.05000000
0.04053607956 22.94000000
0.02545960993 23.00000000
0.03481593728 23.11000000
0.03618858755 23.01000000
0.03848805279 22.98000000
0.03771585226 23.09000000
0.02600755915 22.99000000
0.03003031947 22.98000000
0.03785011172 22.99000000
0.03795939684 23.05000000
0.04004401714 22.94000000
0.02890632674 23.00000000
0.03617906198 23.01000000
0.03495498002 23.11000000
0.03832516819 22.98000000
0.03819168359 23.00000000
0.03031424619 22.99000000
0.03014914319 22.98000000
0.03692602739 22.99000000
0.03949809819 23.06000000
0.02867288888 23.06000000
0.02104432136 23.04000000
0.03540885448 23.05000000
0.03591971472 23.03000000
0.03832872957 22.99000000
0.03733259812 23.04000000
0.03747103736 23.05000000
0.03293401375 22.99000000
0.03797602654 23.05000000
0.04020082206 22.94000000
0.03098710254 23.00000000
0.03631586209 23.01000000
0.03715935349 23.04000000
0.03825542331 22.99000000
0.03046666645 22.99000000
0.03827881068 23.00000000
0.03041296080 22.98000000
0.03709304333 22.99000000
0.04831796885 22.98000000
0.04012253508 22.95000000
0.03618183732 23.01000000
0.03691614047 23.04000000
0.04200617597 23.00000000
0.03811499849 22.99000000
0.02580496669 23.00000000
0.03833622113 23.00000000
0.03642911464 23.04000000
0.03714679554 23.00000000
0.03997716308 22.95000000
0.03740675375 23.05000000
0.03625943884 23.01000000
0.03676310182 23.04000000
0.04352144524 23.00000000
0.02598608658 23.00000000
0.03816734627 23.00000000
0.02175069414 23.05000000
0.03640484810 23.04000000
0.03977146745 22.95000000
0.03775459900 23.00000000
0.03769285977 23.05000000
0.03630263358 23.01000000
0.03679768741 23.04000000
0.03902363405 23.09000000
0.03050566651 23.00000000
0.03841284662 23.00000000
0.02162023075 23.05000000
0.03634276986 23.04000000
0.03977676854 22.95000000
0.03774073347 23.00000000
0.03753270954 23.05000000
0.03628737479 23.01000000
0.03689789772 23.04000000
0.03852370381 23.09000000
0.03946580738 23.00000000
0.03823714703 23.00000000
0.02162941918 23.05000000
0.03979315609 22.94000000
0.03759511560 23.00000000
0.03637273610 23.04000000
0.03743004799 23.05000000
0.03635714203 23.01000000
0.03793021291 23.02000000
0.03689853847 23.04000000
0.03087696619 22.99000000
0.03833185509 23.09000000
0.03810460120 23.00000000
0.02158544213 23.05000000
0.04000414163 22.94000000
0.03698961809 23.00000000
0.03632416576 23.04000000
0.03644400835 23.01000000
0.03801025823 23.05000000
0.03689426556 23.04000000
0.03796993569 23.02000000
0.03060834110 22.99000000
0.03822297603 23.00000000
0.03824866563 23.09000000
0.02159611508 23.05000000
0.03971667215 22.94000000
0.03823621199 23.00000000
0.03645108268 23.04000000
0.03785180300 23.05000000
0.03640240058 23.01000000
0.03679472208 23.04000000
0.03801178187 23.02000000
0.02600977570 22.99000000
0.03828977421 23.00000000
0.03831490129 23.09000000
0.02162676677 23.05000000
0.03955701366 22.94000000
0.03701242432 23.00000000
0.03647967800 23.04000000
0.03648583591 23.01000000
0.03806210309 23.05000000
0.03712019697 23.04000000
0.03056904860 22.99000000
0.03814619780 23.02000000
0.03827119619 23.00000000
0.03853320330 23.09000000
0.03988485038 22.94000000
0.02162319981 23.05000000
0.03175528347 22.98000000
0.03962401673 23.06000000
0.02860316075 23.06000000
0.02110490389 23.04000000
0.03578272089 23.03000000
0.03816593438 22.99000000
0.03516959772 23.05000000
0.03726807237 23.04000000
0.03732020408 23.05000000
0.03718174249 23.00000000
0.03654580563 23.04000000
0.03647203743 23.01000000
0.03822790086 23.05000000
0.03647149354 23.04000000
0.03060003556 23.00000000
0.03803343698 23.03000000
0.03976832703 22.94000000
0.03842203319 23.09000000
0.03709819540 23.00000000
0.02161858417 23.05000000
0.03662780300 23.04000000
0.03655055910 23.01000000
0.03750269860 23.05000000
0.02601162344 23.00000000
0.03673855215 23.04000000
0.03843622655 23.00000000
0.03809223324 23.03000000
0.03925332800 22.94000000
0.03830685467 23.09000000
0.03723567724 23.00000000
0.02367713861 23.05000000
0.03661623970 23.04000000
0.03789606690 23.05000000
0.02601816133 23.00000000
0.03660751879 23.04000000
0.03837044537 23.00000000
0.03943123668 22.95000000
0.05129520595 23.02000000
0.03727570176 22.95000000
0.03719217703 23.00000000
0.03857020289 23.09000000
0.02618266642 23.05000000
0.03842759132 22.96000000
0.03748598695 23.02000000
0.03693512455 23.11000000
0.03795670718 23.10000000
0.03786352277 22.96000000
0.03750067577 23.02000000
0.03667352721 23.11000000
0.03771469742 23.10000000
0.03768520802 22.96000000
0.03726809472 23.02000000
0.03691317514 23.11000000
0.03772549331 23.10000000
0.03776478395 22.96000000
0.03751261905 23.02000000
0.03684952110 23.11000000
0.03768716007 23.10000000
0.03775359690 22.96000000
0.02852037922 23.04000000
0.03962393478 23.06000000
0.02861841954 23.06000000
0.03582840785 23.04000000
0.02115126699 23.04000000
0.03583105654 23.03000000
0.03834152594 22.99000000
0.03528111428 23.05000000
0.03748419136 23.02000000
0.03687884659 23.11000000
0.03751842678 23.10000000
0.03729061782 23.05000000
0.03710092232 23.05000000
0.03288286179 23.00000000
0.03998453915 23.06000000
0.02909795381 23.06000000
0.03587524965 23.04000000
0.02273231931 23.04000000
0.03582418710 23.04000000
0.03851440921 22.99000000
0.02487237193 23.05000000
0.03717327490 23.05000000
0.03772235289 23.05000000
0.03321204334 23.02000000
0.03996345401 23.06000000
0.02907351218 23.06000000
0.03585631028 23.04000000
0.03574151173 23.04000000
0.02281965129 23.04000000
0.03844283149 22.99000000
0.03520165756 23.05000000
0.03709333390 23.05000000
0.03728996217 23.05000000
0.03986792639 23.06000000
0.03344338387 23.02000000
0.03348723799 23.06000000
0.03573095053 23.04000000
0.03633755445 23.04000000
0.02270237543 23.04000000
0.03823582083 22.99000000
0.03715144098 23.05000000
0.03514525294 23.05000000
0.03754944354 23.05000000
0.03984215856 23.06000000
0.02567929775 23.04000000
0.02893869020 23.06000000
