0.09235319495 24.70000000
0.1060988531 24.70000000
0.07687387615 24.69000000
0.08339130878 24.72000000
0.08867362142 24.64000000
0.1780786216 24.69000000
0.09557546675 24.68000000
0.08443308622 24.64000000
0.1095572785 24.64000000
0.06661757827 24.70000000
0.09961238503 24.68000000
0.1069250107 24.70000000
0.09174294770 24.65000000
0.09837913513 24.70000000
0.09510008991 24.69000000
0.08532144874 24.64000000
0.09232872725 24.65000000
0.1046555936 24.66000000
0.1035976633 24.65000000
0.2959287167 24.73000000
0.06361155957 24.70000000
0.1069699228 24.70000000
0.09969313443 24.70000000
0.09041889012 24.65000000
0.09478102624 24.69000000
0.08484059572 24.64000000
0.1044692770 24.66000000
0.1033715531 24.65000000
0.09302330017 24.65000000
0.2487129569 24.73000000
0.06406593323 24.70000000
0.1070461795 24.70000000
0.09182232618 24.65000000
0.1012754813 24.70000000
0.09431855381 24.69000000
0.08468856663 24.64000000
0.1027612835 24.65000000
0.09260604531 24.65000000
0.1046987325 24.66000000
0.2343232334 24.73000000
0.07530044019 24.70000000
0.1079355925 24.70000000
0.1026019081 24.70000000
0.09145381302 24.65000000
0.09510187805 24.69000000
0.08533480763 24.63000000
0.1030400693 24.65000000
0.2345667183 24.73000000
0.09213848412 24.65000000
0.1057485789 24.66000000
0.09426623583 24.69000000
0.1069751307 24.70000000
0.1035514623 24.70000000
0.09232394397 24.65000000
0.09491494298 24.69000000
0.08523869514 24.63000000
0.08431246877 24.71000000
0.08023710549 24.71000000
0.09203905612 24.74000000
0.1175475270 24.65000000
0.1030265465 24.71000000
0.09871367365 24.71000000
0.09287252277 24.74000000
0.1165177375 24.65000000
0.1011606753 24.70000000
0.09889167547 24.71000000
0.09357484430 24.74000000
0.1141976640 24.65000000
0.1006266102 24.70000000
0.09822079539 24.71000000
0.09420216084 24.74000000
0.1127625853 24.65000000
0.1018236279 24.70000000
0.09812414646 24.71000000
0.09427858144 24.74000000
0.1147835776 24.65000000
0.1029845849 24.70000000
0.09660349786 24.71000000
0.09456263483 24.74000000
0.1144523919 24.65000000
0.1059360281 24.70000000
0.09845259786 24.71000000
0.09515661746 24.74000000
0.1135177016 24.65000000
0.1083510518 24.70000000
0.1011199951 24.71000000
0.09498666227 24.74000000
0.1134361774 24.65000000
0.1133052409 24.70000000
0.09890323877 24.71000000
0.09516016394 24.74000000
0.1151710004 24.65000000
0.1144050956 24.70000000
0.09601073712 24.71000000
0.09501574934 24.74000000
0.1134092957 24.65000000
0.1032004058 24.65000000
0.2314217240 24.73000000
0.09285762161 24.65000000
0.1073556915 24.66000000
0.09374614060 24.69000000
0.1066406593 24.70000000
0.1047881395 24.70000000
0.09329298139 24.69000000
0.09235490859 24.65000000
0.1148490459 24.71000000
0.09466502070 24.71000000
0.09467474371 24.74000000
0.1137960851 24.65000000
0.1153878421 24.71000000
0.09463173151 24.71000000
0.09448157251 24.74000000
0.1152072474 24.65000000
0.1158161461 24.71000000
0.09504254162 24.71000000
0.09444692731 24.74000000
0.1168955043 24.65000000
0.1164237112 24.71000000
0.09812685847 24.71000000
0.09449177980 24.74000000
0.1162308231 24.65000000
0.08187558502 24.64000000
0.09030514956 24.63000000
0.08500421792 24.67000000
0.1142891273 24.67000000
0.08273909241 24.67000000
0.1161819398 24.71000000
0.09842469543 24.71000000
0.09452514350 24.74000000
0.1182814762 24.65000000
0.08257494867 24.64000000
0.08982112259 24.63000000
0.08461457491 24.67000000
0.1150720790 24.67000000
0.08280746639 24.67000000
0.1171645001 24.71000000
0.09413848817 24.71000000
0.09451447427 24.74000000
0.1161102951 24.65000000
0.08339814842 24.64000000
0.08886198699 24.63000000
0.08542084694 24.67000000
0.1151707172 24.67000000
0.08333903551 24.67000000
0.1166483760 24.71000000
0.09491104633 24.71000000
0.09375861287 24.74000000
0.1148205400 24.65000000
0.08399422467 24.64000000
0.08881764114 24.63000000
0.08606296778 24.67000000
0.1151900440 24.67000000
0.08261293173 24.67000000
0.09268897772 24.71000000
0.09458352625 24.71000000
0.08600103855 24.70000000
0.05032294244 24.71000000
0.1060958579 24.66000000
0.06273320317 24.65000000
0.1136315241 24.65000000
0.1025184393 24.71000000
0.06795547158 24.73000000
0.09254687279 24.71000000
0.09457453340 24.71000000
0.08658459038 24.70000000
0.05465742201 24.71000000
0.1049053520 24.66000000
0.06279370189 24.65000000
0.1160737351 24.65000000
0.1024786383 24.71000000
0.06829933822 24.73000000
0.09229658544 24.71000000
0.09698820859 24.71000000
0.08728010952 24.70000000
0.05432126671 24.71000000
0.1052324921 24.66000000
0.06296439469 24.65000000
0.1137289256 24.65000000
0.1033332124 24.71000000
0.06735995412 24.73000000
0.08516652882 24.63000000
0.1020088047 24.65000000
0.09774115682 24.67000000
0.09288134426 24.65000000
0.09368531406 24.69000000
0.1073062271 24.66000000
0.1064223945 24.70000000
0.09264124185 24.71000000
0.09487617016 24.71000000
0.08757854253 24.70000000
0.05460422486 24.71000000
0.1053621024 24.66000000
0.06284284592 24.65000000
0.1138517261 24.65000000
0.1041679233 24.71000000
0.07713971287 24.73000000
0.09316726774 24.71000000
0.09377165139 24.71000000
0.08757920563 24.70000000
0.06120274961 24.71000000
0.1048226506 24.66000000
0.07193249464 24.65000000
0.1131463721 24.65000000
0.1049410477 24.71000000
0.09275174886 24.73000000
0.09335464239 24.71000000
0.09350466728 24.71000000
0.08843363822 24.70000000
0.07929971814 24.70000000
0.1051712558 24.66000000
0.07291103899 24.61000000
0.1117027104 24.65000000
0.1039953604 24.71000000
0.09198538214 24.73000000
0.09331007302 24.71000000
0.09421343356 24.71000000
0.08845595270 24.70000000
0.08173401654 24.70000000
0.09385371953 24.71000000
0.09670293331 24.71000000
0.08882167935 24.70000000
0.07182944566 24.71000000
0.09364548326 24.71000000
0.09852956235 24.71000000
0.08828765899 24.70000000
0.07341298461 24.71000000
0.09372182190 24.71000000
0.09861750156 24.71000000
0.08829758316 24.70000000
0.07242849469 24.71000000
0.09394855797 24.71000000
0.09909848124 24.71000000
0.08838209510 24.70000000
0.07327506691 24.70000000
0.09456494451 24.71000000
0.09893614054 24.71000000
0.08836993575 24.70000000
0.07326677442 24.71000000
0.09480161965 24.71000000
0.09864768386 24.71000000
0.08858522028 24.70000000
0.07330752909 24.71000000
0.09373161942 24.69000000
0.1053691804 24.70000000
0.09122347832 24.65000000
0.08504046500 24.63000000
0.1018491536 24.65000000
0.09344479442 24.69000000
0.09803093970 24.67000000
0.09247640520 24.65000000
0.1059899107 24.70000000
0.1070497558 24.66000000
0.09481822699 24.71000000
0.09823891521 24.71000000
0.08826871961 24.70000000
0.07314372063 24.71000000
0.09546683729 24.71000000
0.09761362523 24.71000000
0.08814673871 24.70000000
0.07330600917 24.71000000
0.09594877064 24.71000000
0.09695743769 24.71000000
0.08750511706 24.70000000
0.07314155251 24.71000000
0.09649983793 24.71000000
0.09602481872 24.71000000
0.08727402240 24.70000000
0.07325352728 24.71000000
0.09243389219 24.71000000
0.09299400449 24.71000000
0.1062553078 24.71000000
0.09901917726 24.65000000
0.09230167419 24.71000000
0.09331499785 24.71000000
0.1069981679 24.71000000
0.09891714156 24.65000000
0.09201005101 24.71000000
0.09315477312 24.71000000
0.1072915941 24.71000000
0.09988853335 24.65000000
0.09216287732 24.71000000
0.09359657019 24.71000000
0.1073218063 24.71000000
0.09977693856 24.65000000
0.09173467755 24.71000000
0.09388347715 24.71000000
0.1075904667 24.71000000
0.1001767218 24.65000000
0.09173883498 24.71000000
0.09420144558 24.71000000
0.1076449752 24.71000000
0.1003914699 24.65000000
0.09164585173 24.71000000
0.09377515316 24.71000000
0.09320975095 24.69000000
0.1057620570 24.70000000
0.08537741005 24.63000000
0.09278967977 24.65000000
0.1038970947 24.67000000
0.09316955507 24.70000000
0.09764319658 24.67000000
0.09202974290 24.65000000
0.08627679944 24.67000000
0.1058828682 24.66000000
0.1078044772 24.71000000
0.1005220339 24.65000000
0.09101815522 24.71000000
0.09370317310 24.71000000
0.1089180559 24.70000000
0.1000801027 24.65000000
0.08848367631 24.71000000
0.09377858043 24.71000000
0.1086211577 24.70000000
0.09924656153 24.65000000
0.08857092261 24.71000000
0.09441373497 24.71000000
0.1089700982 24.71000000
0.09934035689 24.65000000
0.08959997445 24.71000000
0.09483930469 24.71000000
0.1096655950 24.71000000
0.09911982715 24.65000000
0.09020306170 24.71000000
0.09559906274 24.71000000
0.1096790731 24.71000000
0.09974996001 24.65000000
0.08992216736 24.71000000
0.09648872912 24.71000000
0.1093361080 24.71000000
0.1005152836 24.65000000
0.09006544948 24.71000000
0.09673301876 24.71000000
0.1090884954 24.71000000
0.1009169817 24.65000000
0.09017817676 24.71000000
0.09735711664 24.71000000
0.1091964170 24.71000000
0.1001908034 24.65000000
0.09066206962 24.71000000
0.09793362767 24.71000000
0.1090760157 24.71000000
0.09977241606 24.65000000
0.09050424397 24.71000000
0.09845638275 24.71000000
0.1091807857 24.71000000
0.09936604649 24.65000000
0.1045248434 24.64000000
0.09351123869 24.69000000
0.1059047878 24.70000000
0.1016567647 24.67000000
0.09213088453 24.65000000
0.09985957295 24.69000000
0.09826176614 24.67000000
0.08572432399 24.67000000
0.09180420637 24.65000000
0.09675338864 24.69000000
0.1061818227 24.70000000
0.06646358967 24.69000000
0.08386404812 24.72000000
0.08708117157 24.64000000
0.2499817014 24.73000000
0.09519383311 24.68000000
0.09430634230 24.71000000
0.09986196458 24.71000000
0.09820325673 24.71000000
0.1105371565 24.65000000
0.09425382316 24.71000000
0.09951867163 24.71000000
0.09717794508 24.71000000
0.1083411872 24.65000000
0.09470620006 24.71000000
0.09912022948 24.71000000
0.09652473778 24.71000000
0.1106363460 24.65000000
0.09394671023 24.71000000
0.09930985421 24.71000000
0.09564319998 24.71000000
0.1050715894 24.65000000
0.09363068640 24.71000000
0.09941434860 24.71000000
0.09579564631 24.71000000
0.1032292470 24.65000000
0.09350983799 24.71000000
0.09885278344 24.71000000
0.09509818256 24.71000000
0.1028612852 24.65000000
0.09410574287 24.71000000
0.09801763296 24.71000000
0.09496617317 24.71000000
0.1019000486 24.65000000
0.09442634881 24.71000000
0.09717273712 24.71000000
0.09510272741 24.71000000
0.1010464877 24.65000000
0.09494781494 24.71000000
0.09623117745 24.71000000
0.09409089386 24.71000000
0.1008464992 24.65000000
0.09515821934 24.71000000
0.09537044168 24.71000000
0.09398768842 24.71000000
0.1004499048 24.65000000
0.1057607681 24.66000000
0.1036924794 24.64000000
0.09910289943 24.68000000
0.1059048623 24.70000000
0.09952943772 24.67000000
0.09294471145 24.65000000
0.09935262799 24.70000000
0.09588439763 24.71000000
0.09489737451 24.71000000
0.09342808276 24.71000000
0.09998917580 24.65000000
0.09590751678 24.71000000
0.09480662644 24.71000000
0.09363056719 24.71000000
0.09881675988 24.65000000
0.09565465152 24.71000000
0.09495876729 24.71000000
0.09386594594 24.71000000
0.09957394004 24.65000000
0.09580276906 24.71000000
0.09592159837 24.71000000
0.09403222054 24.71000000
0.09951389581 24.65000000
0.09593956172 24.71000000
0.09582103044 24.71000000
0.09425158054 24.71000000
0.09862004220 24.65000000
0.09546712041 24.71000000
0.09621834755 24.71000000
0.09405107796 24.71000000
0.09813573956 24.65000000
0.09609960765 24.71000000
0.09703405201 24.71000000
0.09397391975 24.71000000
0.09779420495 24.65000000
0.09785848856 24.64000000
0.07161456347 24.69000000
0.1063958704 24.66000000
0.07602908462 24.65000000
0.09809075296 24.64000000
0.05906201154 24.69000000
0.1073745489 24.66000000
0.07531020045 24.65000000
0.09767576307 24.64000000
0.06431230903 24.69000000
0.1075585634 24.66000000
0.08967836201 24.65000000
0.08603329957 24.67000000
0.08511289954 24.71000000
0.09280851483 24.65000000
0.1055199876 24.66000000
0.1026251763 24.64000000
0.09942010045 24.68000000
0.09920598567 24.67000000
0.09074217081 24.64000000
0.09253779054 24.65000000
0.09778989106 24.64000000
0.06408477575 24.69000000
0.1080706194 24.66000000
0.09073449671 24.65000000
0.09775776416 24.64000000
0.05917101353 24.69000000
0.1090083495 24.66000000
0.08866435289 24.65000000
0.09819430113 24.64000000
0.07103478909 24.69000000
0.1080499366 24.66000000
0.07366401702 24.65000000
0.09773506969 24.64000000
0.07125939429 24.69000000
0.1077319160 24.66000000
0.08737031370 24.65000000
0.09808287770 24.64000000
0.07135923207 24.69000000
0.1092657745 24.66000000
0.08802075684 24.65000000
0.09835822880 24.64000000
0.07214823365 24.69000000
0.1086299643 24.66000000
0.07443401217 24.65000000
0.09768500924 24.64000000
0.07151246816 24.69000000
0.1085933521 24.66000000
0.07367233932 24.65000000
0.09776933491 24.64000000
0.07155045122 24.69000000
0.1085816473 24.66000000
0.06476460397 24.65000000
0.09775912762 24.64000000
0.05881693959 24.69000000
0.1084976941 24.66000000
0.06490857899 24.65000000
0.09851036221 24.64000000
0.07164317369 24.69000000
0.1080784649 24.66000000
0.06619615108 24.65000000
0.08558755368 24.67000000
0.09942811728 24.70000000
0.08517976850 24.71000000
0.09163975716 24.67000000
0.1052706838 24.66000000
0.09961358458 24.64000000
0.09971378744 24.68000000
0.09925305843 24.67000000
0.09050019085 24.64000000
0.08537096530 24.66000000
0.09917453676 24.64000000
0.07220228016 24.69000000
0.1084524617 24.66000000
0.06667536497 24.65000000
0.09899684042 24.64000000
0.07218031585 24.69000000
0.1085193828 24.66000000
0.06843700260 24.65000000
0.09885241836 24.64000000
0.07263693213 24.69000000
0.1083560362 24.66000000
0.07118616998 24.65000000
0.08541120589 24.67000000
0.09919723123 24.70000000
0.08492160589 24.71000000
0.09118337929 24.67000000
0.09022431821 24.69000000
0.1001897827 24.64000000
0.09910742939 24.68000000
0.1001792699 24.69000000
0.09055390209 24.64000000
0.08448411524 24.66000000
0.08562839031 24.67000000
0.09738769382 24.70000000
0.08467143774 24.71000000
0.09160342067 24.68000000
0.1001780555 24.64000000
0.09035556018 24.69000000
0.09828499705 24.68000000
0.09908428788 24.69000000
0.09084375948 24.64000000
0.07800418884 24.68000000
0.08418404311 24.66000000
0.08424237370 24.67000000
0.09643694758 24.70000000
0.08407439291 24.71000000
0.09128561616 24.68000000
0.09768631309 24.68000000
0.1001455113 24.64000000
0.09845355153 24.69000000
0.09027455747 24.69000000
0.09140329063 24.64000000
0.08326642215 24.66000000
0.07684347034 24.68000000
0.08526980132 24.67000000
0.09604902565 24.70000000
0.08341853321 24.71000000
0.09055650979 24.68000000
0.1000471413 24.67000000
0.1010350958 24.64000000
0.09819376469 24.69000000
0.08905170858 24.69000000
0.09191279113 24.64000000
0.08467022330 24.67000000
0.09583488852 24.70000000
0.08340293914 24.66000000
0.07656596601 24.68000000
0.08340493590 24.71000000
0.09040568024 24.68000000
0.09933968633 24.67000000
0.1021341309 24.64000000
0.09840153158 24.69000000
0.08920606226 24.69000000
0.09174389392 24.64000000
0.08366762102 24.67000000
0.09507064521 24.70000000
0.08336567879 24.66000000
0.07607023418 24.68000000
0.08409734815 24.71000000
0.09809486568 24.67000000
0.09012715518 24.68000000
0.1015523076 24.64000000
0.09823262691 24.69000000
0.09154304862 24.64000000
0.08809593320 24.69000000
0.08418191224 24.67000000
0.09528198838 24.70000000
0.1090576127 24.64000000
0.06558761746 24.70000000
0.08413921297 24.64000000
0.09184586257 24.70000000
0.1066536829 24.70000000
0.09621231258 24.69000000
0.09097590297 24.65000000
0.08758557588 24.64000000
0.08451368660 24.72000000
0.2477386594 24.73000000
0.09434494376 24.64000000
0.08286301047 24.66000000
0.07590868324 24.68000000
0.08447676897 24.71000000
0.09667003155 24.67000000
0.1014383882 24.64000000
0.08970528841 24.68000000
0.09805862606 24.69000000
0.08852573484 24.69000000
0.09254029393 24.64000000
0.08470958471 24.67000000
0.09498207271 24.70000000
0.08212202042 24.66000000
0.08434693515 24.71000000
0.07541151345 24.68000000
0.09696052223 24.68000000
0.1015960202 24.64000000
0.09155365825 24.68000000
0.09794083238 24.69000000
0.09215548635 24.64000000
0.08818006516 24.69000000
0.08261615783 24.65000000
0.07242114842 24.65000000
0.1036381796 24.69000000
0.1002384648 24.65000000
0.07179475576 24.68000000
0.07235802710 24.69000000
0.09569346905 24.70000000
0.1041405201 24.68000000
0.1065676138 24.71000000
0.08349329233 24.67000000
0.09459833801 24.70000000
0.08291889727 24.66000000
0.09754243493 24.68000000
0.07558694482 24.68000000
0.1011735499 24.64000000
0.09062173963 24.68000000
0.09770901501 24.69000000
0.1034585610 24.71000000
0.09441981465 24.69000000
0.08258980513 24.65000000
0.07102824748 24.65000000
0.1031194553 24.70000000
0.1009897292 24.64000000
0.07142668217 24.68000000
0.07186093181 24.69000000
0.09543865174 24.70000000
0.1027723104 24.68000000
0.1072080731 24.71000000
0.1039088070 24.71000000
0.09421736002 24.69000000
0.08254074305 24.65000000
0.1035972238 24.70000000
0.06931770593 24.65000000
0.1035047024 24.64000000
0.07193815708 24.68000000
0.07226577401 24.69000000
0.09426970035 24.70000000
0.1029375717 24.68000000
0.1074004769 24.71000000
0.1041692793 24.71000000
0.09436646104 24.69000000
0.1028573290 24.70000000
0.08218650520 24.65000000
0.1026345193 24.64000000
0.06764799356 24.65000000
0.07186172903 24.68000000
0.07118202746 24.69000000
0.09368630499 24.70000000
0.1004534215 24.68000000
0.1085224077 24.71000000
0.1030145064 24.71000000
0.09356227517 24.69000000
0.1030113995 24.70000000
0.1029695123 24.64000000
0.08188895136 24.65000000
0.07205084711 24.68000000
0.06612789631 24.65000000
0.07096442580 24.69000000
0.09289069474 24.70000000
0.1030181348 24.68000000
0.1072963476 24.71000000
0.1020832509 24.71000000
0.1015259027 24.70000000
0.09253330529 24.69000000
0.1033888310 24.64000000
0.07205910236 24.68000000
0.08158243448 24.65000000
0.07067332417 24.69000000
0.09265093505 24.70000000
0.07771505415 24.65000000
0.1010597870 24.68000000
0.1061208099 24.71000000
0.1017542630 24.71000000
0.1015865803 24.70000000
0.1028714478 24.64000000
0.09195035696 24.69000000
0.07200158387 24.68000000
0.07027317584 24.69000000
0.08186449856 24.64000000
0.09202082455 24.70000000
0.06571224332 24.65000000
0.1003671885 24.68000000
0.1068125069 24.71000000
0.1008063853 24.71000000
0.1013460606 24.70000000
0.1033503190 24.64000000
0.07146642357 24.68000000
0.09158348292 24.69000000
0.05791036785 24.69000000
0.08231085539 24.64000000
0.09128238261 24.70000000
0.1001284346 24.65000000
0.09963857383 24.68000000
0.1069597155 24.71000000
0.1005076170 24.70000000
0.1009781808 24.71000000
0.1030161977 24.64000000
0.08449782431 24.68000000
0.09220632911 24.69000000
0.06972859800 24.69000000
0.09074079245 24.70000000
0.08313357830 24.64000000
0.09940072894 24.68000000
0.09885316342 24.65000000
0.1070841476 24.71000000
0.1000934243 24.70000000
0.1029079631 24.64000000
0.09962006658 24.71000000
0.08521098644 24.68000000
0.06979757547 24.69000000
0.09191769361 24.69000000
0.09065532684 24.70000000
0.08280443400 24.64000000
0.08196755499 24.67000000
0.09180972725 24.64000000
0.08749547601 24.69000000
0.09481079876 24.70000000
0.09780731797 24.68000000
0.08185140789 24.66000000
0.09929933399 24.64000000
0.07610787451 24.68000000
0.09007337689 24.68000000
0.09809215367 24.69000000
0.09942196310 24.68000000
0.09785170853 24.65000000
0.1062802076 24.71000000
0.09951068461 24.70000000
0.1033681855 24.64000000
0.09884959459 24.71000000
0.07126978040 24.68000000
0.06986983120 24.69000000
0.09188015759 24.69000000
0.09098297358 24.70000000
0.08237470686 24.64000000
0.09846954048 24.68000000
0.09787740558 24.65000000
0.09252219647 24.70000000
0.1060537696 24.71000000
0.1198660806 24.70000000
0.09739018232 24.71000000
0.09547331929 24.69000000
0.09624850005 24.70000000
0.05548887327 24.71000000
0.09238839895 24.69000000
0.1052816734 24.68000000
0.08310893923 24.64000000
0.09217929840 24.70000000
0.1007131264 24.68000000
0.1195240468 24.70000000
0.09666526318 24.65000000
0.06900468469 24.69000000
0.09609515965 24.69000000
0.09732928127 24.70000000
0.09852590412 24.68000000
0.04877152294 24.71000000
0.09964124858 24.69000000
0.1075891927 24.68000000
0.09246636927 24.70000000
0.08399634063 24.72000000
0.1197357997 24.70000000
0.09973099083 24.68000000
0.08863586187 24.64000000
0.09673516452 24.69000000
0.06863106042 24.69000000
0.09572257847 24.70000000
0.09771701694 24.68000000
0.09857685864 24.69000000
0.09265923500 24.70000000
0.1074435860 24.68000000
0.08421522379 24.72000000
0.1194223836 24.69000000
0.1002868935 24.68000000
0.09742411971 24.69000000
0.08753451705 24.64000000
0.06759026647 24.69000000
0.09829585254 24.70000000
0.09706340730 24.68000000
0.07071304321 24.71000000
0.1000503451 24.69000000
0.09276735038 24.70000000
0.1130144894 24.68000000
0.1191263422 24.69000000
0.08429944515 24.72000000
0.09982776642 24.68000000
0.09735388309 24.69000000
0.06760183722 24.69000000
0.08693368733 24.64000000
0.09533257782 24.70000000
0.09655726701 24.68000000
0.06848675013 24.71000000
0.09193957597 24.70000000
0.09963733703 24.69000000
0.1160154641 24.68000000
0.1192981750 24.69000000
0.09940608591 24.68000000
0.08367519081 24.72000000
0.09778158367 24.69000000
0.06772113591 24.69000000
0.08593593538 24.64000000
0.09468802810 24.70000000
0.07933605462 24.71000000
0.09659661353 24.68000000
0.09153702855 24.70000000
0.1240392029 24.68000000
0.09921663254 24.69000000
0.1195248216 24.69000000
0.09783530980 24.69000000
0.09885995090 24.68000000
0.08321584016 24.72000000
0.09314888716 24.70000000
0.07888193429 24.69000000
0.08538477123 24.64000000
0.06784698367 24.71000000
0.09646324813 24.68000000
0.09158274531 24.70000000
0.1312801689 24.69000000
0.1190261245 24.69000000
0.1001571417 24.69000000
0.09778371453 24.68000000
0.09821990877 24.69000000
0.08329959959 24.72000000
0.09367357194 24.70000000
0.06807455420 24.69000000
0.08523630351 24.64000000
0.08248107135 24.67000000
0.09248155355 24.64000000
0.09422156960 24.70000000
0.08791930974 24.69000000
0.09880617261 24.68000000
0.08418877423 24.71000000
0.08159031719 24.66000000
0.09786674380 24.64000000
0.07636037469 24.68000000
0.07798120379 24.71000000
0.09728748351 24.68000000
0.09140263498 24.70000000
0.1187858284 24.69000000
0.1374168992 24.69000000
0.09922429174 24.69000000
0.09916198254 24.69000000
0.09786251187 24.68000000
0.08322404325 24.72000000
0.09176315367 24.70000000
0.07899270952 24.69000000
0.09725191444 24.71000000
0.08502155542 24.64000000
0.09020404518 24.70000000
0.09700550139 24.68000000
0.1182137430 24.69000000
0.1513123512 24.68000000
0.1014123112 24.69000000
0.1000662223 24.69000000
0.09972357750 24.68000000
0.09161916375 24.70000000
0.08295638114 24.72000000
0.07817936689 24.69000000
0.09006091952 24.70000000
0.09445668012 24.70000000
0.08479899168 24.64000000
0.09692491591 24.68000000
0.1178857759 24.69000000
0.1637784243 24.68000000
0.09917710721 24.69000000
0.1001018807 24.69000000
0.09977424890 24.68000000
0.09317874908 24.70000000
0.08302390575 24.72000000
0.07715401053 24.69000000
0.08971209079 24.70000000
0.09320778400 24.70000000
0.08501616865 24.64000000
0.1175448895 24.69000000
0.09631338716 24.68000000
0.1684812456 24.68000000
0.1005709171 24.69000000
0.1008113623 24.69000000
0.09920455515 24.68000000
0.09905022383 24.70000000
0.08188007027 24.72000000
0.08949725330 24.70000000
0.09632779658 24.69000000
0.09351067245 24.70000000
0.1171972603 24.69000000
0.09612517804 24.68000000
0.08519267291 24.64000000
0.1720790118 24.68000000
0.1010541022 24.69000000
0.09910431504 24.69000000
0.09955690056 24.68000000
0.1664015651 24.70000000
0.08936417103 24.70000000
0.07704284787 24.69000000
0.08225895464 24.72000000
0.09299457073 24.70000000
0.1161859483 24.69000000
0.09538600594 24.68000000
0.08511841297 24.64000000
0.1748560071 24.68000000
0.1016313061 24.69000000
0.09896703064 24.68000000
0.09950213879 24.69000000
0.09076978266 24.70000000
0.08942514658 24.70000000
0.09346017241 24.70000000
0.07717768103 24.69000000
0.08240170032 24.72000000
0.1148887351 24.69000000
0.09529908746 24.68000000
0.1762941033 24.68000000
0.1019193083 24.69000000
0.08496781439 24.64000000
0.09161217511 24.71000000
0.09962545335 24.68000000
0.09929431230 24.69000000
0.08962363750 24.71000000
0.07702876627 24.69000000
0.09325488657 24.70000000
0.08235017955 24.72000000
0.1145181283 24.69000000
0.1778113395 24.68000000
0.09524068236 24.68000000
0.1013558805 24.69000000
0.08491225541 24.64000000
0.09171354771 24.71000000
0.09982922673 24.68000000
0.09862748533 24.69000000
0.08913151175 24.71000000
0.09290486574 24.70000000
0.06665793806 24.69000000
0.1141492575 24.69000000
0.08217784762 24.72000000
0.1013303548 24.69000000
0.1775485128 24.69000000
0.07786148787 24.68000000
0.08477979898 24.64000000
0.09197338670 24.71000000
0.09952343255 24.68000000
0.1123237982 24.64000000
0.09944886714 24.69000000
0.09872955084 24.69000000
0.08876543492 24.68000000
0.08129198104 24.67000000
0.09278745949 24.64000000
0.09427194297 24.70000000
0.08764988184 24.69000000
0.09912870824 24.68000000
0.08445546776 24.71000000
0.08154666424 24.66000000
0.09742081165 24.64000000
0.07665021718 24.68000000
0.09980338812 24.69000000
0.08847244084 24.68000000
0.08156393468 24.67000000
0.09256537259 24.64000000
0.09419687092 24.70000000
0.08808230609 24.69000000
0.08304348588 24.65000000
0.08389755338 24.71000000
0.09822925180 24.64000000
0.08257782459 24.66000000
0.1011933833 24.69000000
0.08827027678 24.68000000
0.07657211274 24.68000000
0.05961709470 24.67000000
0.09415897727 24.70000000
0.09321212769 24.64000000
0.08231323957 24.65000000
0.08807548881 24.69000000
0.08400204778 24.71000000
0.09090972692 24.66000000
0.08224855363 24.66000000
0.1044494361 24.69000000
0.08829595894 24.67000000
0.08797340095 24.68000000
0.07729663700 24.68000000
0.08972086757 24.67000000
0.09337399155 24.64000000
0.08183534443 24.65000000
0.08936670423 24.69000000
0.09035591781 24.66000000
0.08428929746 24.71000000
0.08283188939 24.66000000
0.08388155699 24.66000000
0.05835271627 24.67000000
0.08751656115 24.68000000
0.07787308097 24.68000000
0.08792290092 24.67000000
0.1080151349 24.64000000
0.06556694210 24.70000000
0.09258899838 24.70000000
0.08394976705 24.64000000
0.1018183529 24.66000000
0.1072477773 24.70000000
0.09548828751 24.69000000
0.09092842788 24.65000000
0.08935514838 24.64000000
0.2461571991 24.73000000
0.09288085997 24.64000000
0.08162343502 24.65000000
0.09264811128 24.69000000
0.09018471837 24.66000000
0.09559861571 24.68000000
0.08250360191 24.66000000
0.05839780346 24.67000000
0.08296260238 24.66000000
0.08831834793 24.68000000
0.08773076534 24.67000000
0.07810388505 24.68000000
0.09943818301 24.67000000
0.08105799556 24.65000000
0.09018777311 24.66000000
0.09496553242 24.68000000
0.08825664222 24.69000000
0.08232443780 24.66000000
0.05840867758 24.67000000
0.1125612929 24.66000000
0.08197844774 24.69000000
0.08726301044 24.67000000
0.08013905585 24.65000000
0.07711994648 24.68000000
0.09943050891 24.67000000
0.09047120810 24.66000000
0.09552962333 24.68000000
0.08880771697 24.69000000
0.05833876878 24.67000000
0.08166245371 24.66000000
0.08553856611 24.62000000
0.07767967135 24.69000000
0.08045132458 24.65000000
0.08656230569 24.67000000
0.09830097854 24.67000000
0.07790463418 24.68000000
0.09028732777 24.66000000
0.09575889260 24.68000000
0.09272783995 24.68000000
0.05889162049 24.67000000
0.08141159266 24.66000000
0.08502702415 24.62000000
0.07859066129 24.69000000
0.08065720648 24.65000000
0.08653271198 24.67000000
0.09775596857 24.67000000
0.07815320790 24.68000000
0.09078805894 24.66000000
0.08354372531 24.71000000
0.09554888308 24.68000000
0.09202919155 24.68000000
0.05884464830 24.67000000
0.07979471982 24.66000000
0.08466908336 24.62000000
0.08047378063 24.65000000
0.08631712943 24.68000000
0.07561345398 24.69000000
0.09826495498 24.67000000
0.09022580087 24.66000000
0.08393544704 24.62000000
0.09633639455 24.68000000
0.07398474962 24.71000000
0.05840430409 24.67000000
0.09266245365 24.68000000
0.08019901067 24.66000000
0.08470490575 24.62000000
0.07974715531 24.65000000
0.08528295159 24.68000000
0.07505381852 24.69000000
0.09202948213 24.66000000
0.09791296721 24.68000000
0.09621970356 24.68000000
0.08262366802 24.62000000
0.1124656275 24.71000000
0.05815625191 24.67000000
0.07984969765 24.66000000
0.09315191209 24.68000000
0.08469045162 24.62000000
0.07991731167 24.65000000
0.08558338881 24.67000000
0.07457272708 24.69000000
0.09804703295 24.68000000
0.09184992313 24.66000000
0.09604375064 24.69000000
0.08308958262 24.62000000
0.05774379149 24.67000000
0.1125015765 24.71000000
0.08076570928 24.66000000
0.09274901450 24.68000000
0.08453452587 24.62000000
0.08060482889 24.65000000
0.08484464884 24.68000000
0.07423961908 24.69000000
0.09187613428 24.66000000
0.09871382266 24.68000000
0.09707974643 24.68000000
0.05758556351 24.67000000
0.08319466561 24.62000000
0.08151204884 24.71000000
0.07913738489 24.66000000
0.08994495869 24.68000000
0.08041006327 24.65000000
0.08483354747 24.62000000
0.09283020347 24.64000000
0.1066804379 24.65000000
0.06520226598 24.70000000
0.09381848574 24.70000000
0.1072465479 24.70000000
0.09599708021 24.69000000
0.1001600102 24.66000000
0.09166792035 24.65000000
0.09164991230 24.64000000
0.08468171209 24.68000000
0.07342245430 24.69000000
0.09253358096 24.66000000
0.09892167151 24.68000000
0.09631536901 24.68000000
0.05755903199 24.67000000
0.08373887837 24.62000000
0.08217504621 24.71000000
0.08159971237 24.65000000
0.08947478980 24.68000000
0.08318752050 24.68000000
0.08418083936 24.62000000
0.07531582564 24.69000000
0.09408993274 24.66000000
0.09881336242 24.68000000
0.05752094835 24.67000000
0.09593553096 24.68000000
0.07842920721 24.66000000
0.08274634182 24.62000000
0.08010818064 24.65000000
0.08910824358 24.68000000
0.08371674269 24.68000000
0.08480870724 24.62000000
0.07406809926 24.69000000
0.09959491342 24.67000000
0.06688307226 24.67000000
0.09498861432 24.68000000
0.07833649218 24.66000000
0.07972542942 24.65000000
0.08247836679 24.62000000
0.1114219427 24.67000000
0.08300948143 24.68000000
0.09042993933 24.68000000
0.08405421674 24.62000000
0.1167459190 24.69000000
0.08825111389 24.66000000
0.08810999244 24.63000000
0.1026601642 24.68000000
0.1162057966 24.69000000
0.08968117833 24.66000000
0.08817328513 24.63000000
0.1019269004 24.68000000
0.1155330092 24.69000000
0.08907797933 24.66000000
0.08992599696 24.63000000
0.1024827063 24.68000000
0.1155882031 24.69000000
0.08929088712 24.66000000
0.09023582935 24.63000000
0.1040267870 24.68000000
0.1153162792 24.69000000
0.2443296164 24.73000000
0.1060975567 24.65000000
0.06517263502 24.70000000
0.09284954518 24.64000000
0.09419392794 24.70000000
0.1078638211 24.70000000
0.09529498219 24.69000000
0.1018529087 24.66000000
0.08914626390 24.66000000
0.09119330347 24.63000000
0.1067587435 24.68000000
0.1816380024 24.64000000
0.09236831963 24.65000000
0.2429872155 24.73000000
0.1052225530 24.65000000
0.06476582587 24.70000000
0.09231118113 24.64000000
0.09524793178 24.70000000
0.1079844236 24.70000000
0.09499108791 24.69000000
0.1033764929 24.66000000
0.08744374663 24.64000000
0.09263799340 24.65000000
0.2414411306 24.73000000
0.1049144790 24.65000000
0.06430942565 24.70000000
0.09132567048 24.65000000
0.1084256470 24.70000000
0.09590741992 24.70000000
0.09496708214 24.69000000
0.1039675474 24.66000000
0.08467892557 24.64000000
0.09077104926 24.65000000
0.1055426076 24.65000000
0.2403797209 24.73000000
0.06386788934 24.70000000
0.09153153747 24.65000000
0.1081655174 24.70000000
0.09696719050 24.70000000
0.09507215023 24.69000000
0.08624905348 24.64000000
0.1051207632 24.66000000
0.09017882496 24.65000000
0.1044015884 24.65000000
0.2390436232 24.73000000
0.06378190219 24.70000000
