1.120000000
0.9100000000
1.280000000
1.090000000
1.190000000
0.8800000000
1.110000000
1.390000000
0.9400000000
0.8700000000
1.250000000
0.9400000000
0.9500000000
1.280000000
1.210000000
1.420000000
0.9700000000
1.160000000
1.020000000
0.8400000000
1.070000000
1.070000000
0.8300000000
1.270000000
1.210000000
0.8900000000
1.130000000
1.060000000
1.070000000
0.8100000000
1.150000000
0.8400000000
1.070000000
1.240000000
1.190000000
1.050000000
1.050000000
0.9100000000
1.000000000
0.8900000000
1.110000000
1.050000000
0.8000000000
1.230000000
1.070000000
1.000000000
0.9100000000
1.170000000
0.9500000000
0.9000000000
1.030000000
1.060000000
0.9500000000
1.220000000
1.300000000
1.410000000
0.9300000000
0.7400000000
1.350000000
1.300000000
1.000000000
0.9400000000
1.340000000
1.340000000
0.9800000000
1.040000000
1.300000000
1.330000000
1.030000000
1.040000000
1.310000000
1.320000000
0.9500000000
0.8700000000
1.280000000
1.440000000
0.9900000000
0.9400000000
1.280000000
1.370000000
1.080000000
0.7800000000
1.270000000
1.430000000
1.150000000
0.8500000000
1.230000000
1.460000000
1.040000000
0.9000000000
1.430000000
1.310000000
0.9800000000
0.9200000000
1.240000000
0.9400000000
1.020000000
1.080000000
0.9100000000
0.9300000000
1.170000000
1.070000000
1.190000000
0.8800000000
1.340000000
0.9000000000
1.060000000
1.410000000
1.290000000
0.8600000000
1.070000000
1.480000000
1.200000000
0.8200000000
0.9900000000
1.390000000
1.250000000
0.8200000000
1.090000000
1.260000000
0.8900000000
0.7600000000
1.250000000
0.9400000000
1.320000000
1.190000000
0.7700000000
1.050000000
1.380000000
0.9600000000
0.8200000000
1.090000000
1.040000000
1.380000000
1.160000000
0.8100000000
1.020000000
1.610000000
0.9400000000
0.8000000000
0.8900000000
1.050000000
1.570000000
1.190000000
0.8300000000
0.9900000000
1.650000000
0.9000000000
0.7600000000
1.030000000
1.160000000
1.160000000
1.050000000
0.9500000000
0.9300000000
1.290000000
1.100000000
1.220000000
1.050000000
1.190000000
1.230000000
1.080000000
1.050000000
0.9900000000
1.210000000
1.090000000
1.330000000
1.180000000
1.250000000
1.290000000
1.120000000
1.220000000
0.9500000000
1.290000000
0.9500000000
1.260000000
1.100000000
1.260000000
1.200000000
1.240000000
1.010000000
1.030000000
1.120000000
0.8900000000
0.9100000000
1.180000000
1.130000000
1.210000000
0.8700000000
1.220000000
0.9500000000
1.330000000
1.100000000
1.260000000
1.160000000
1.160000000
1.350000000
0.8200000000
1.330000000
1.030000000
1.330000000
1.100000000
1.160000000
1.180000000
1.180000000
1.310000000
0.9200000000
1.280000000
1.170000000
1.260000000
1.280000000
1.130000000
1.230000000
1.310000000
1.400000000
0.9100000000
1.290000000
1.300000000
1.280000000
0.8800000000
1.300000000
1.050000000
1.200000000
0.8200000000
1.070000000
1.170000000
1.140000000
0.8600000000
1.110000000
1.130000000
1.210000000
0.8800000000
0.9700000000
1.040000000
1.140000000
0.9400000000
1.070000000
0.9200000000
1.280000000
0.9000000000
1.000000000
1.140000000
1.060000000
0.8900000000
1.500000000
0.9200000000
0.7400000000
1.020000000
1.040000000
1.390000000
0.9500000000
0.8700000000
1.290000000
0.8500000000
0.9800000000
0.8100000000
1.270000000
0.7900000000
1.000000000
0.8200000000
1.260000000
0.8300000000
1.000000000
0.9300000000
1.280000000
0.8900000000
0.9900000000
1.070000000
1.190000000
1.260000000
1.030000000
1.000000000
1.310000000
1.340000000
0.9800000000
1.040000000
1.290000000
1.350000000
0.9200000000
1.000000000
1.140000000
1.300000000
0.9600000000
0.9500000000
1.150000000
1.280000000
0.9700000000
1.070000000
1.180000000
1.320000000
1.040000000
1.110000000
1.200000000
1.110000000
1.260000000
1.340000000
0.9000000000
0.9000000000
0.8000000000
1.140000000
0.9600000000
0.9800000000
1.060000000
1.320000000
1.090000000
1.060000000
1.220000000
1.330000000
1.050000000
0.8100000000
1.370000000
1.190000000
1.100000000
0.8500000000
1.310000000
1.110000000
1.120000000
0.7400000000
1.460000000
1.180000000
1.150000000
0.8000000000
1.340000000
1.210000000
1.260000000
0.7200000000
1.260000000
1.200000000
1.120000000
0.6900000000
1.120000000
1.230000000
1.080000000
0.7300000000
1.200000000
1.210000000
1.030000000
0.8800000000
1.250000000
1.260000000
1.050000000
0.9200000000
1.170000000
1.240000000
0.9700000000
1.520000000
1.370000000
1.220000000
0.9400000000
0.7700000000
1.150000000
1.050000000
1.070000000
0.9700000000
1.170000000
0.8500000000
1.210000000
1.200000000
1.040000000
0.9700000000
1.210000000
1.080000000
1.280000000
1.070000000
1.190000000
1.070000000
1.140000000
1.000000000
1.180000000
1.010000000
1.230000000
1.050000000
1.210000000
1.090000000
1.290000000
1.230000000
1.210000000
1.080000000
1.280000000
1.100000000
1.120000000
1.080000000
1.440000000
1.010000000
1.180000000
0.9900000000
0.8400000000
1.210000000
1.040000000
1.150000000
1.020000000
1.210000000
1.060000000
1.100000000
1.080000000
1.030000000
1.080000000
1.180000000
1.080000000
1.040000000
1.240000000
1.070000000
1.200000000
1.080000000
1.460000000
1.130000000
1.500000000
1.090000000
0.9800000000
0.9500000000
1.040000000
1.070000000
1.400000000
0.9500000000
0.8900000000
1.020000000
0.9100000000
1.620000000
1.200000000
1.580000000
1.170000000
1.210000000
1.110000000
1.180000000
1.110000000
1.380000000
1.040000000
1.240000000
1.000000000
1.490000000
1.020000000
1.550000000
1.060000000
1.270000000
1.100000000
1.380000000
1.120000000
1.030000000
1.260000000
0.9000000000
0.9500000000
0.9900000000
1.510000000
0.9300000000
0.8600000000
1.030000000
1.260000000
1.420000000
1.090000000
1.420000000
1.150000000
1.370000000
1.050000000
1.160000000
1.240000000
0.9000000000
0.8900000000
1.190000000
1.630000000
1.090000000
0.8900000000
1.160000000
1.340000000
1.050000000
1.290000000
0.9200000000
0.9200000000
1.610000000
1.150000000
0.9500000000
0.9000000000
1.180000000
1.280000000
1.040000000
1.200000000
0.9200000000
0.9300000000
0.9900000000
1.600000000
0.9100000000
1.070000000
1.160000000
1.270000000
1.010000000
1.190000000
0.9800000000
0.9600000000
0.8400000000
1.830000000
0.9700000000
1.130000000
1.060000000
1.040000000
1.230000000
1.220000000
0.9800000000
0.9200000000
0.8000000000
1.660000000
1.030000000
0.9200000000
1.110000000
1.140000000
1.250000000
1.350000000
0.9500000000
0.8500000000
0.9500000000
1.630000000
0.9800000000
1.100000000
0.8500000000
1.210000000
1.100000000
1.250000000
0.9300000000
1.000000000
0.9500000000
1.340000000
1.240000000
1.030000000
1.280000000
0.9800000000
0.8600000000
1.300000000
0.9900000000
0.7900000000
1.720000000
0.9600000000
1.000000000
1.220000000
1.100000000
1.010000000
1.030000000
1.260000000
0.9100000000
0.8200000000
1.530000000
0.9200000000
0.9700000000
1.150000000
1.350000000
1.840000000
1.180000000
1.090000000
1.400000000
1.140000000
1.200000000
1.320000000
1.020000000
1.050000000
1.040000000
0.9500000000
1.290000000
0.7600000000
1.600000000
0.9300000000
1.040000000
1.150000000
1.100000000
1.800000000
1.080000000
1.100000000
1.440000000
1.170000000
1.150000000
1.280000000
1.020000000
1.150000000
1.180000000
1.140000000
1.670000000
1.070000000
1.210000000
1.320000000
1.200000000
1.200000000
1.330000000
0.9000000000
1.080000000
1.220000000
1.060000000
1.100000000
1.420000000
1.410000000
1.210000000
1.090000000
1.410000000
1.320000000
0.7400000000
0.8800000000
1.080000000
1.040000000
1.160000000
1.340000000
1.340000000
1.050000000
1.230000000
1.370000000
1.250000000
0.8200000000
0.9100000000
1.060000000
1.080000000
1.010000000
1.240000000
1.100000000
1.590000000
1.230000000
1.300000000
1.240000000
0.7500000000
0.8900000000
1.100000000
1.100000000
1.190000000
1.020000000
1.100000000
1.230000000
1.580000000
1.200000000
1.140000000
0.9100000000
0.9200000000
1.080000000
1.080000000
1.200000000
1.150000000
1.090000000
1.220000000
1.560000000
1.370000000
1.270000000
0.8700000000
0.8600000000
1.100000000
1.160000000
1.330000000
1.150000000
1.050000000
1.210000000
1.080000000
1.500000000
1.040000000
1.280000000
0.8700000000
1.150000000
1.250000000
1.240000000
1.260000000
1.210000000
1.200000000
1.100000000
1.480000000
0.9300000000
1.100000000
1.300000000
0.9300000000
0.7500000000
1.290000000
1.630000000
0.9200000000
1.170000000
1.290000000
1.220000000
0.9900000000
1.160000000
1.370000000
1.290000000
1.220000000
1.220000000
1.220000000
1.180000000
1.430000000
1.330000000
1.270000000
0.9800000000
0.9700000000
1.200000000
1.280000000
1.230000000
1.390000000
1.250000000
1.220000000
0.8200000000
1.410000000
1.000000000
1.060000000
1.200000000
1.160000000
1.270000000
1.070000000
1.400000000
0.9600000000
1.220000000
1.120000000
0.8600000000
0.8900000000
1.170000000
1.160000000
1.050000000
1.110000000
1.130000000
1.340000000
0.9000000000
1.090000000
1.020000000
0.8600000000
1.120000000
1.220000000
1.070000000
1.110000000
1.130000000
1.230000000
0.9200000000
1.270000000
1.050000000
1.100000000
0.8100000000
1.330000000
1.180000000
1.060000000
1.180000000
1.150000000
1.070000000
0.8600000000
1.300000000
1.190000000
1.050000000
0.9100000000
1.290000000
1.100000000
1.140000000
1.220000000
1.110000000
1.290000000
1.630000000
0.8300000000
1.070000000
0.8300000000
1.040000000
1.320000000
1.150000000
1.080000000
1.060000000
1.000000000
1.020000000
1.200000000
0.8500000000
1.030000000
0.9300000000
1.310000000
1.010000000
1.020000000
1.250000000
1.050000000
1.280000000
1.120000000
0.9700000000
1.090000000
1.070000000
1.280000000
0.8800000000
1.040000000
1.360000000
1.630000000
1.340000000
0.9100000000
0.9500000000
1.230000000
0.8800000000
1.030000000
1.300000000
1.040000000
1.130000000
1.380000000
1.010000000
1.430000000
0.9600000000
0.9100000000
1.180000000
0.8800000000
1.090000000
1.160000000
1.050000000
1.430000000
1.270000000
1.090000000
0.9400000000
1.200000000
0.8900000000
1.200000000
0.8700000000
0.9400000000
1.480000000
1.130000000
1.370000000
1.080000000
1.010000000
0.9600000000
1.060000000
1.140000000
0.8900000000
0.8700000000
1.470000000
0.9300000000
1.070000000
1.340000000
1.140000000
1.040000000
0.9700000000
1.180000000
1.220000000
0.8600000000
0.8600000000
1.380000000
0.8800000000
1.120000000
1.230000000
1.060000000
0.9300000000
1.140000000
1.270000000
1.180000000
0.9900000000
0.8200000000
1.380000000
0.9300000000
0.9300000000
1.220000000
1.070000000
1.280000000
1.060000000
1.150000000
1.180000000
0.8900000000
0.8100000000
1.470000000
1.240000000
1.060000000
0.9400000000
1.240000000
1.070000000
1.280000000
1.110000000
1.090000000
0.8500000000
1.050000000
1.410000000
1.070000000
0.9300000000
0.9400000000
1.250000000
1.200000000
1.090000000
1.150000000
1.100000000
1.530000000
0.9000000000
1.060000000
1.250000000
0.9600000000
1.170000000
0.9900000000
1.190000000
0.7900000000
0.9000000000
1.040000000
1.170000000
1.490000000
0.9200000000
0.9900000000
1.310000000
1.560000000
1.220000000
0.9500000000
0.9600000000
1.090000000
1.030000000
1.410000000
1.000000000
1.170000000
1.460000000
1.290000000
1.220000000
1.040000000
0.9200000000
1.260000000
1.100000000
0.8400000000
1.390000000
1.050000000
1.400000000
1.200000000
1.130000000
1.040000000
1.030000000
1.110000000
1.060000000
0.8400000000
1.680000000
1.310000000
1.090000000
1.230000000
0.8000000000
0.9900000000
0.9200000000
1.120000000
1.080000000
0.9700000000
1.070000000
1.060000000
1.050000000
1.300000000
1.120000000
1.220000000
0.9200000000
1.020000000
0.8200000000
1.390000000
1.270000000
1.500000000
1.250000000
0.9200000000
0.8400000000
0.8800000000
1.090000000
1.000000000
0.8000000000
1.150000000
1.380000000
1.110000000
1.270000000
1.070000000
0.9700000000
0.7400000000
1.350000000
0.8200000000
0.8800000000
1.180000000
1.280000000
1.020000000
1.110000000
1.180000000
1.090000000
0.7100000000
0.8300000000
1.400000000
0.9300000000
1.070000000
1.090000000
1.000000000
0.9900000000
1.030000000
1.020000000
0.6900000000
0.8100000000
1.310000000
0.9400000000
1.060000000
1.100000000
1.010000000
0.9100000000
0.9700000000
1.050000000
0.7400000000
1.290000000
0.8900000000
0.9100000000
1.020000000
1.370000000
1.280000000
0.9900000000
0.9600000000
0.9700000000
0.9900000000
0.7200000000
1.110000000
0.8700000000
0.9200000000
0.7800000000
1.310000000
1.290000000
1.010000000
1.020000000
1.090000000
0.9500000000
0.7300000000
1.170000000
0.8200000000
0.7500000000
1.030000000
1.370000000
1.290000000
1.000000000
1.060000000
0.9500000000
1.010000000
0.8000000000
1.240000000
0.7500000000
1.040000000
0.8000000000
1.330000000
0.9300000000
1.400000000
0.8900000000
1.050000000
0.8000000000
1.040000000
0.8900000000
1.030000000
0.8500000000
1.130000000
1.010000000
1.210000000
0.9800000000
1.220000000
1.290000000
1.090000000
0.7700000000
1.100000000
0.7800000000
1.250000000
1.080000000
1.370000000
0.8000000000
0.9100000000
1.030000000
1.010000000
0.8700000000
1.080000000
1.050000000
1.060000000
1.150000000
0.8300000000
2.510000000
0.9100000000
0.8400000000
1.000000000
0.9500000000
0.8600000000
0.7800000000
1.020000000
1.230000000
0.8100000000
0.9200000000
1.240000000
1.230000000
1.070000000
1.180000000
0.9700000000
1.480000000
1.430000000
1.110000000
1.400000000
1.400000000
1.400000000
1.040000000
1.270000000
1.480000000
1.320000000
1.160000000
1.430000000
1.660000000
1.190000000
0.9600000000
1.260000000
1.410000000
0.9300000000
1.130000000
0.7800000000
0.8500000000
1.120000000
1.070000000
1.300000000
1.010000000
1.280000000
1.060000000
1.340000000
1.090000000
1.140000000
0.8800000000
1.020000000
0.8900000000
0.9000000000
1.150000000
1.050000000
1.080000000
0.8900000000
1.190000000
1.120000000
0.9200000000
1.040000000
0.8700000000
0.9000000000
1.130000000
1.100000000
1.200000000
0.9100000000
1.300000000
1.070000000
1.080000000
0.9100000000
0.7900000000
1.050000000
1.080000000
1.060000000
1.180000000
1.060000000
0.8900000000
1.290000000
1.080000000
1.020000000
0.8600000000
