0.796918
0.988303
0.955292
1.03016
1.04624
0.904813
0.720926
0.727212
0.714358
0.731150
0.757692
0.730270
0.668282
0.680212
0.606080
0.623650
0.644781
0.675771
0.743797
0.740993
0.663993
0.721669
0.702944
0.789924
0.611598
0.603213
0.918104
0.842003
1.18680
1.23533
1.49496
1.32815
1.26946
1.40591
1.46829
1.31364
1.21895
1.31223
1.38006
1.41961
1.88970
1.55530
1.52582
1.34837
1.33780
1.54430
1.52003
1.64170
1.46367
1.47366
1.28926
1.17494
1.16606
0.988488
0.888642
0.835599
0.835834
0.827344
0.969028
0.867195
1.07156
0.991479
0.868182
1.03047
0.905487
0.992156
1.00803
1.01597
0.892867
0.892061
0.814936
0.881120
0.853295
0.837633
0.931942
1.02645
0.854813
0.896103
1.10948
1.25697
0.634653
0.672479
0.680359
0.717410
0.643788
0.732793
0.672567
0.611615
0.643912
0.679820
0.630351
0.696072
0.684099
0.659833
0.682421
0.663957
0.625883
0.728862
0.638130
0.608384
0.694043
0.665773
0.671772
0.672826
0.695707
0.684381
0.649621
0.693682
0.672636
0.662114
0.700434
0.703531
0.721615
0.553143
0.815918
0.804587
0.633317
0.638178
0.912096
0.887787
0.649344
0.611101
0.875493
0.883305
0.703381
0.624710
0.641281
0.604897
0.653139
0.635949
0.642603
0.648060
