0.746824
0.698917
0.770454
0.759046
0.792510
0.790503
1.13874
1.05501
1.26263
1.51355
1.24802
1.20365
1.18516
1.19542
1.28522
1.10967
1.31522
1.27177
1.30535
1.32464
1.18797
1.25780
1.28296
1.14472
1.17564
1.14003
0.806940
0.725794
1.05198
0.955032
0.922137
0.909626
0.767302
1.28920
1.07367
1.02312
0.820630
0.820423
1.02246
1.08624
0.973489
0.770455
0.932240
1.18897
0.796746
0.844790
1.02213
1.07297
0.890564
0.853978
1.10986
0.848110
0.859725
1.03147
1.20118
0.770293
0.896670
0.813552
0.876087
1.43286
1.39717
1.41286
0.801173
0.939403
0.998015
0.955496
1.05920
1.15357
1.05793
1.06389
1.04986
1.23571
0.952569
1.02927
1.11636
0.988473
0.983773
0.953755
0.909919
0.976926
1.19892
0.920780
0.909035
0.951455
1.07232
0.826304
0.778866
0.817202
0.852781
0.828020
0.783347
0.807400
0.815204
0.945259
0.933063
0.852045
0.612188
0.666270
0.613811
0.682708
0.653284
0.622395
0.612414
0.653375
0.615449
0.661680
0.696503
0.818100
0.711094
0.642680
0.660544
0.722361
0.732925
0.860714
0.925980
0.784156
0.988890
0.827494
0.716972
0.663464
0.795080
0.722677
