1.02469
1.26883
1.15126
1.23535
0.994521
1.00572
0.818889
0.898170
0.847357
0.808828
0.799415
0.779928
0.837010
0.932433
0.897810
0.911165
0.902245
0.798307
0.833842
0.860129
0.882812
0.809516
0.888517
1.06621
0.959908
0.978896
1.02297
1.09113
0.832826
0.846903
0.757127
0.750540
0.784512
0.815881
0.816536
0.883141
0.814928
0.808670
0.940416
0.875816
0.835377
0.909653
0.990433
0.968432
1.07012
0.911193
0.871718
0.864045
1.02039
1.10037
1.06588
1.09325
0.939186
0.972549
0.986584
1.03089
1.11228
1.12680
1.03844
1.14660
1.10546
1.09213
1.15206
1.02690
1.19472
1.19528
1.19632
1.27141
1.21065
1.09654
1.39189
1.33658
1.25072
1.11895
1.03548
1.09730
1.38540
1.30488
1.16158
1.11067
0.874028
0.900951
0.787787
0.803495
0.835362
0.815169
0.850353
0.815224
0.965867
0.827796
0.814888
0.746936
0.809902
0.961588
0.997565
0.858473
0.874052
0.928458
0.930048
1.01878
0.939950
1.10946
1.10931
0.916184
0.932487
0.969195
