0.820348
0.699812
0.729199
0.735522
0.774247
0.736127
1.32870
1.28089
1.17964
1.19836
1.26914
1.15863
1.29706
1.65415
1.47294
1.60068
1.46198
1.43787
1.41037
1.68726
1.52634
1.69957
1.22153
1.35065
1.32729
1.39088
0.732756
0.766705
1.11088
1.10296
1.29732
1.40649
1.25672
1.11793
1.09820
1.00007
0.954202
0.948316
0.938146
1.03588
0.936700
0.974048
0.971069
0.977039
0.933392
0.923987
0.897876
0.871759
0.807352
0.907925
0.893538
1.00601
1.10710
0.907796
1.01916
1.23226
1.27763
1.07858
0.975133
1.06720
1.16902
1.21069
1.11769
1.02792
1.31583
0.998586
1.10670
1.03335
0.984820
0.912978
1.18725
1.07270
1.23389
1.13637
1.15989
1.05135
1.04657
1.08955
1.05833
1.26643
0.950193
0.892355
0.932764
0.957357
0.978756
1.13618
0.940895
0.911101
0.983727
1.16589
1.11302
1.05187
1.23898
1.14121
1.33503
1.17573
0.915123
1.00009
0.981984
0.854860
0.958256
1.00870
0.956538
1.16122
1.00348
1.09999
