0.808344
0.757834
0.996915
0.868672
0.798713
0.752329
0.895258
0.925075
0.800775
0.968203
1.02930
0.949878
1.04131
1.05067
1.31079
1.08502
1.12994
1.05907
1.34782
1.21183
1.20559
1.08679
1.16170
1.05701
1.03809
0.910097
0.982452
1.10936
1.12003
1.04057
1.02917
0.999410
0.818925
0.812093
0.993243
1.09486
1.26368
1.38655
1.38126
1.42207
1.09893
1.05813
1.13566
1.15999
1.39448
1.16118
1.15103
1.19888
1.08334
1.35761
1.29542
1.25297
1.09131
1.13993
1.40119
1.21562
1.28871
1.08777
1.09464
1.28945
1.16867
1.14741
1.25724
1.25821
1.45531
1.14595
1.07731
1.25831
1.27246
1.07170
1.00845
1.30152
1.44441
1.57026
1.56030
1.07033
1.08073
1.05563
1.03490
0.959399
0.920993
0.877992
1.02047
1.05619
0.975348
1.11925
0.995565
1.28526
1.02832
0.939329
1.35463
1.35903
0.811508
0.823495
1.27939
1.24841
0.744982
0.805830
1.33455
1.27545
0.753267
0.679282
1.35677
1.41790
0.672442
0.677590
1.56870
1.49923
0.726857
0.703997
1.52487
1.44526
0.706687
0.693067
1.40457
1.32231
0.718717
0.680428
1.26441
1.14063
0.779990
0.815813
1.11942
0.968936
0.678357
0.658473
0.951745
1.06501
0.649490
0.665292
0.955693
0.912943
0.654807
0.659243
1.06686
1.09788
0.650216
0.640090
1.01444
1.00905
0.695148
0.666579
1.13914
0.950033
0.686644
0.685012
1.11116
1.14203
0.724052
0.689715
1.21961
1.12690
1.02106
1.14646
1.04147
0.974956
0.885280
0.965156
0.931463
0.915785
0.961064
0.939264
0.842152
0.864074
0.840300
0.872781
0.763875
0.777940
0.878741
0.819943
0.783820
0.844321
0.940514
0.828672
0.895996
0.821918
