0.1154209450 24.30000000
0.1268048286 24.29000000
0.1177650094 24.29000000
0.1112686396 24.27000000
0.1384653747 24.29000000
0.09842573851 24.34000000
0.09178380668 24.24000000
0.09626556933 24.26000000
0.09643341601 24.30000000
0.09200626612 24.17000000
0.1257051826 24.29000000
0.1643023640 24.30000000
0.1069329679 24.30000000
0.1346951872 24.29000000
0.1547436863 24.31000000
0.1098276377 24.31000000
0.1424932033 24.26000000
0.1302343011 24.30000000
0.1221764758 24.30000000
0.1220611706 24.29000000
0.08116596937 24.34000000
0.1652985513 24.30000000
0.1060715914 24.30000000
0.1352811009 24.29000000
0.1106631458 24.31000000
0.1415448189 24.26000000
0.1505602896 24.31000000
0.1309042871 24.30000000
0.1214756146 24.30000000
0.1216975302 24.29000000
0.1667590141 24.30000000
0.08092641830 24.34000000
0.1061400548 24.30000000
0.1343360841 24.29000000
0.1408140361 24.27000000
0.1500640363 24.31000000
0.1122853085 24.31000000
0.1319231689 24.30000000
0.1215644777 24.30000000
0.1238648593 24.29000000
0.08054398745 24.34000000
0.1669033319 24.30000000
0.1045974120 24.30000000
0.1399947554 24.27000000
0.1306228638 24.30000000
0.1494994164 24.31000000
0.1110258102 24.31000000
0.1207823381 24.30000000
0.1264525950 24.29000000
0.08051818609 24.34000000
0.1666559577 24.30000000
0.1044818014 24.30000000
0.1338610500 24.29000000
0.1391644180 24.27000000
0.1296191961 24.30000000
0.1492574662 24.31000000
0.1102855951 24.31000000
0.1216286346 24.30000000
0.1256311983 24.29000000
0.09437026083 24.34000000
0.1034228802 24.30000000
0.1655129939 24.30000000
0.1347420514 24.29000000
0.1384230405 24.27000000
0.1482910067 24.31000000
0.1209140047 24.30000000
0.1082797348 24.31000000
0.1226703376 24.29000000
0.08441542834 24.30000000
0.1169321164 24.34000000
0.1642253697 24.30000000
0.1357922852 24.29000000
0.1383692771 24.27000000
0.1203533709 24.30000000
0.1472615898 24.31000000
0.1211390048 24.29000000
0.1094049886 24.31000000
0.08534052968 24.30000000
0.1171970516 24.34000000
0.1353641301 24.29000000
0.1644047499 24.30000000
0.1393232644 24.29000000
0.1207297742 24.30000000
0.1453181654 24.31000000
0.1805090308 24.30000000
0.1096998006 24.31000000
0.1064571738 24.30000000
0.1183846220 24.34000000
0.1385210454 24.29000000
0.1634780765 24.30000000
0.1750156432 24.30000000
0.1457615197 24.31000000
0.1119179577 24.30000000
0.1237899512 24.29000000
0.1188753396 24.29000000
0.1102931947 24.27000000
0.1382838339 24.29000000
0.1312581897 24.30000000
0.1121342778 24.30000000
0.1106315106 24.31000000
0.1189701706 24.34000000
0.1388302147 24.29000000
0.1644602418 24.30000000
0.1702926457 24.30000000
0.1423361301 24.30000000
0.1449293047 24.31000000
0.1106906980 24.31000000
0.1391748041 24.29000000
0.1093749404 24.27000000
0.1648881137 24.30000000
0.1648512483 24.30000000
0.1409987360 24.30000000
0.1157845855 24.25000000
0.1115048155 24.31000000
0.1377558708 24.29000000
0.1093697473 24.27000000
0.1438665837 24.30000000
0.1585619748 24.30000000
0.1394818574 24.30000000
0.1145407856 24.25000000
0.1240492463 24.27000000
0.1380638182 24.29000000
0.1107699350 24.29000000
0.1095933467 24.27000000
0.1438989639 24.30000000
0.1566521227 24.30000000
0.1369247139 24.30000000
0.1380029023 24.25000000
0.1220781282 24.27000000
0.1388005018 24.29000000
0.09968562424 24.29000000
0.1087067276 24.27000000
0.1106712073 24.23000000
0.1439385414 24.30000000
0.1562198997 24.30000000
0.1360329688 24.30000000
0.1378528774 24.25000000
0.1395087987 24.29000000
0.1088187099 24.29000000
0.1227865666 24.27000000
0.1088328511 24.27000000
0.1435029209 24.30000000
0.1094397604 24.23000000
0.1517010182 24.30000000
0.1566455662 24.29000000
0.1351488829 24.30000000
0.1376059800 24.25000000
0.1413889229 24.29000000
0.1081563234 24.29000000
0.1208405793 24.27000000
0.1098940372 24.27000000
0.1342144310 24.30000000
0.1553288996 24.29000000
0.1449270844 24.30000000
0.1089464277 24.23000000
0.1339979321 24.30000000
0.1370324790 24.25000000
0.1399624348 24.29000000
0.1090656146 24.29000000
0.1205304340 24.27000000
0.1095752344 24.27000000
0.1303932816 24.30000000
0.1543018222 24.29000000
0.1455978006 24.30000000
0.1088445857 24.23000000
0.1325060725 24.30000000
0.1389150620 24.29000000
0.1361086518 24.25000000
0.1082976758 24.29000000
0.1096928120 24.27000000
0.1210794300 24.27000000
0.1258862168 24.30000000
0.1546483785 24.29000000
0.09581438452 24.27000000
0.09572628886 24.30000000
0.09682112187 24.24000000
0.1250866801 24.29000000
0.1099409014 24.30000000
0.1612980217 24.31000000
0.1376541704 24.29000000
0.1116136014 24.27000000
0.1310272664 24.30000000
0.1671810448 24.30000000
0.1460678875 24.30000000
0.1084218770 24.23000000
0.1321601570 24.30000000
0.1406299025 24.29000000
0.1355008930 24.25000000
0.1004767865 24.29000000
0.1208948195 24.27000000
0.1100953668 24.27000000
0.1232866049 24.30000000
0.2130872905 24.29000000
0.1452641934 24.30000000
0.1315365732 24.29000000
0.1078015789 24.23000000
0.1394323111 24.29000000
0.1343130767 24.25000000
0.09948166460 24.29000000
0.1097842455 24.27000000
0.1211214513 24.27000000
0.1196991056 24.25000000
0.09247423708 24.26000000
0.08153501153 24.27000000
0.1256665885 24.30000000
0.1157300919 24.30000000
0.08764999360 24.28000000
0.1221573204 24.30000000
0.1542035043 24.29000000
0.1475192606 24.30000000
0.1422736496 24.29000000
0.1093262136 24.23000000
0.1336364597 24.25000000
0.09861897677 24.29000000
0.1343568265 24.29000000
0.07541390508 24.28000000
0.1138135791 24.25000000
0.09209740907 24.26000000
0.08037808537 24.27000000
0.1235244051 24.30000000
0.1158340871 24.30000000
0.08760639280 24.28000000
0.1055808067 24.31000000
0.1349362731 24.29000000
0.07507404685 24.28000000
0.1160687730 24.25000000
0.07956460118 24.27000000
0.09168319404 24.26000000
0.1246438771 24.30000000
0.1135699004 24.30000000
0.08782635629 24.28000000
0.1053463742 24.31000000
0.1372491270 24.29000000
0.06676669419 24.28000000
0.07779939473 24.27000000
0.1147409678 24.25000000
0.09243850410 24.26000000
0.1239611953 24.30000000
0.1150088981 24.30000000
0.08759605139 24.28000000
0.1043597758 24.31000000
0.1373437643 24.29000000
0.06886273623 24.27000000
0.07795873284 24.27000000
0.1113898903 24.25000000
0.1238439605 24.30000000
0.09165285528 24.26000000
0.1163155213 24.30000000
0.08810900152 24.28000000
0.1047813371 24.31000000
0.1376458704 24.29000000
0.1257027388 24.28000000
0.06845931709 24.27000000
0.08339905739 24.30000000
0.1225387380 24.30000000
0.1093794629 24.25000000
0.1134717688 24.30000000
0.09986851364 24.26000000
0.08743910491 24.28000000
0.1052631289 24.31000000
0.1345435679 24.29000000
0.1092294902 24.28000000
0.1069669425 24.29000000
0.07647924870 24.27000000
0.1215386912 24.30000000
0.1121833548 24.30000000
0.1106380820 24.25000000
0.08971200883 24.26000000
0.1049359143 24.31000000
0.1356574148 24.29000000
0.09934272617 24.27000000
0.1050550640 24.29000000
0.1222343296 24.30000000
0.08882457018 24.28000000
0.1128319800 24.30000000
0.1130279452 24.25000000
0.08972894400 24.26000000
0.1271888167 24.28000000
0.1030184701 24.31000000
0.1003122777 24.27000000
0.1356890649 24.29000000
0.1034730449 24.29000000
0.1191252321 24.30000000
0.08911564946 24.28000000
0.1113343537 24.30000000
0.1140080392 24.25000000
0.1263619214 24.28000000
0.08952090889 24.26000000
0.1029713601 24.31000000
0.1023064628 24.27000000
0.1027415171 24.29000000
0.1377970576 24.29000000
0.1159415618 24.30000000
0.1086348668 24.30000000
0.08914597332 24.28000000
0.1137738004 24.25000000
0.1194988564 24.30000000
0.1088374257 24.27000000
0.1218847781 24.27000000
0.1530308276 24.29000000
0.1432369053 24.29000000
0.1471922994 24.30000000
0.1091646031 24.23000000
0.1339315176 24.25000000
0.1080594584 24.29000000
0.1263906509 24.28000000
0.08950441331 24.26000000
0.1024413034 24.31000000
0.1028531641 24.27000000
0.1019065827 24.29000000
0.1394023001 24.29000000
0.1166246980 24.30000000
0.1079045907 24.30000000
0.08877556026 24.28000000
0.1130206436 24.25000000
0.1268309355 24.28000000
0.08918420970 24.26000000
0.1134637371 24.31000000
0.1015810370 24.31000000
0.1414093673 24.29000000
0.1382834315 24.29000000
0.1236906648 24.30000000
0.1384277195 24.29000000
0.1137800515 24.30000000
0.08918818831 24.28000000
0.08172500134 24.34000000
0.1134105921 24.25000000
0.1114993989 24.31000000
0.09388188273 24.32000000
0.1385006458 24.29000000
0.08872445673 24.26000000
0.1282045543 24.28000000
0.1246342808 24.30000000
0.1393118799 24.29000000
0.1167471558 24.30000000
0.1147502214 24.30000000
0.07191771269 24.34000000
0.1112207696 24.31000000
0.1173024178 24.27000000
0.1373004615 24.29000000
0.09078942984 24.22000000
0.09787158668 24.24000000
0.1256848127 24.30000000
0.1265805811 24.28000000
0.1400876343 24.29000000
0.1181179285 24.30000000
0.1116475388 24.31000000
0.07121295482 24.34000000
0.1159556136 24.27000000
0.1357597709 24.29000000
0.1005674526 24.09000000
0.1258252561 24.30000000
0.09721378237 24.24000000
0.1256708950 24.28000000
0.1411572844 24.29000000
0.1188755184 24.30000000
0.1155371293 24.30000000
0.1111128777 24.31000000
0.08277066052 24.34000000
0.1358363181 24.29000000
0.1153909266 24.27000000
0.1016613543 24.09000000
0.1258599311 24.30000000
0.1256402880 24.28000000
0.1090955287 24.24000000
0.1386038065 24.29000000
0.1188514456 24.30000000
0.1158738509 24.30000000
0.1109210178 24.31000000
0.07062382996 24.34000000
0.1349568516 24.29000000
0.09592251480 24.25000000
0.1141725853 24.27000000
0.1246794611 24.30000000
0.1244894564 24.28000000
0.09741391987 24.24000000
0.1394574940 24.29000000
0.1163430884 24.30000000
0.1189500168 24.30000000
0.1104076952 24.31000000
0.08085379004 24.34000000
0.1346839070 24.29000000
0.1259349883 24.30000000
0.1090223789 24.17000000
0.1122670919 24.27000000
0.1365217716 24.29000000
0.1235758588 24.28000000
0.09707005322 24.24000000
0.1167411879 24.30000000
0.1170982495 24.30000000
0.1099048555 24.31000000
0.06920453906 24.34000000
0.1364017725 24.29000000
0.1022475958 24.09000000
0.1253546327 24.30000000
0.1132258549 24.27000000
0.1372510493 24.29000000
0.1228327751 24.28000000
0.09910005331 24.24000000
0.1223335266 24.30000000
0.1083422750 24.27000000
0.1541737467 24.29000000
0.1213921085 24.27000000
0.1459317952 24.29000000
0.1315461397 24.29000000
0.1468103230 24.30000000
0.1087424979 24.23000000
0.1151424497 24.30000000
0.1154404655 24.30000000
0.1111416444 24.31000000
0.1332586706 24.29000000
0.1196764261 24.30000000
0.09386102110 24.00000000
0.1115462407 24.27000000
0.1345851868 24.29000000
0.1222793683 24.28000000
0.1171291843 24.30000000
0.09862027317 24.24000000
0.1110337973 24.31000000
0.1152469069 24.30000000
0.1330385506 24.29000000
0.09668656439 24.34000000
0.1231275871 24.30000000
0.09605098516 24.03000000
0.1328849792 24.29000000
0.1138243005 24.27000000
0.1208180189 24.28000000
0.1107400358 24.31000000
0.1146615148 24.30000000
0.1017857790 24.24000000
0.1141025126 24.30000000
0.1325995922 24.29000000
0.09732444584 24.34000000
0.1241377294 24.30000000
0.09753006697 24.04000000
0.1328388751 24.29000000
0.1121755391 24.27000000
0.1200087965 24.28000000
0.1104562134 24.31000000
0.1147755906 24.30000000
0.09557010978 24.24000000
0.1316900253 24.29000000
0.1142899841 24.30000000
0.09682070464 24.34000000
0.1256232411 24.30000000
0.1016930491 24.09000000
0.1298802644 24.29000000
0.1113327593 24.27000000
0.1105866283 24.31000000
0.1192998067 24.28000000
0.1144656464 24.30000000
0.1314360648 24.29000000
0.1151415706 24.30000000
0.09325385839 24.24000000
0.09670281410 24.34000000
0.1248243526 24.30000000
0.09829645604 24.06000000
0.1310669780 24.29000000
0.1081786305 24.31000000
0.1186567396 24.28000000
0.1103279069 24.27000000
0.1144636944 24.30000000
0.1312335134 24.29000000
0.1134400889 24.30000000
0.09225349873 24.24000000
0.09692180902 24.34000000
0.1229795367 24.30000000
0.1041917428 24.12000000
0.1299373060 24.29000000
0.1066673547 24.31000000
0.1152316555 24.30000000
0.1177020818 24.28000000
0.1113909706 24.27000000
0.1359637082 24.29000000
0.09691307694 24.34000000
0.1221220121 24.30000000
0.09221772850 24.24000000
0.1294692606 24.29000000
0.1071953923 24.16000000
0.1067994982 24.31000000
0.1171628982 24.29000000
0.1149576381 24.30000000
0.1109102368 24.27000000
0.1344682723 24.29000000
0.09759733081 24.34000000
0.1117779613 24.30000000
0.1204191372 24.30000000
0.1032558531 24.24000000
0.1255062521 24.29000000
0.09669178724 24.04000000
0.1071257815 24.31000000
0.1170912683 24.29000000
0.1310333312 24.29000000
0.1094586849 24.27000000
0.1187785640 24.30000000
0.09810256958 24.34000000
0.1118799597 24.30000000
0.09231024981 24.24000000
0.1231284514 24.29000000
0.1077950150 24.29000000
0.1332869381 24.25000000
0.1184966862 24.30000000
0.1071980596 24.27000000
0.1519431770 24.29000000
0.1203038096 24.27000000
0.1456288993 24.29000000
0.1316879541 24.29000000
0.1460053027 24.30000000
0.1065398157 24.23000000
0.1212975979 24.29000000
0.1305932701 24.25000000
0.1205038950 24.30000000
0.1069596261 24.27000000
0.1509042829 24.29000000
0.1183576137 24.27000000
0.1228758171 24.21000000
0.1317630410 24.29000000
0.1457687616 24.30000000
0.1073094681 24.29000000
0.1300829947 24.25000000
0.1066805720 24.23000000
0.1386124045 24.25000000
0.1503309309 24.29000000
0.1081754416 24.28000000
0.1225384474 24.21000000
0.1181132942 24.27000000
0.1313295811 24.29000000
0.1469092369 24.30000000
0.1077664346 24.29000000
0.1369570196 24.25000000
0.1297607124 24.25000000
0.1065940261 24.23000000
0.08738213778 24.26000000
0.1103293151 24.28000000
0.1224386394 24.21000000
0.1162433848 24.27000000
0.1317782551 24.29000000
0.1483777463 24.30000000
0.1127658710 24.25000000
0.1356707513 24.25000000
0.1293406785 24.25000000
0.1071309224 24.23000000
0.08653899282 24.26000000
0.09484412521 24.27000000
0.09509100020 24.30000000
0.09150762111 24.24000000
0.1111755744 24.30000000
0.1265049875 24.29000000
0.1097053289 24.30000000
0.1606172621 24.31000000
0.1382490098 24.29000000
0.1306677908 24.30000000
0.1095572114 24.28000000
0.1225544214 24.21000000
0.1177309901 24.27000000
0.1134971678 24.26000000
0.1486621201 24.30000000
0.1354319155 24.25000000
0.1127837747 24.25000000
0.1281826049 24.24000000
0.09587019682 24.26000000
0.1061064154 24.23000000
0.1171550676 24.23000000
0.1218027025 24.21000000
0.1105935723 24.26000000
0.1125669032 24.27000000
0.1489842534 24.30000000
0.1347204298 24.25000000
0.1130587086 24.25000000
0.1344593763 24.29000000
0.08732449263 24.26000000
0.1223687679 24.21000000
0.1050483882 24.23000000
0.1156709790 24.23000000
0.1101839542 24.26000000
0.1104051396 24.27000000
0.1328337938 24.25000000
0.1115785688 24.25000000
0.1256150603 24.23000000
0.1323673725 24.29000000
0.1229138374 24.21000000
0.08776804060 24.26000000
0.1148711368 24.23000000
0.1050910950 24.23000000
0.1105795950 24.26000000
0.08981563896 24.25000000
0.1130246669 24.25000000
0.1235298961 24.23000000
0.1320211440 24.29000000
0.08792363107 24.26000000
0.1152366549 24.23000000
0.1046853885 24.23000000
0.08044947684 24.21000000
0.1090217978 24.26000000
0.1310539842 24.25000000
0.1237357110 24.23000000
0.1269088835 24.21000000
0.08789805323 24.26000000
0.1316962540 24.29000000
0.1156833097 24.23000000
0.1241711453 24.23000000
0.1099457294 24.26000000
0.1353296340 24.25000000
0.08787608147 24.25000000
0.1231962889 24.23000000
0.1232273579 24.21000000
0.09599869698 24.26000000
0.1326522231 24.29000000
0.1170985177 24.23000000
0.1077593565 24.26000000
0.1253980547 24.23000000
0.08055330813 24.21000000
0.1332542598 24.25000000
0.1119860038 24.25000000
0.08816591650 24.25000000
0.1233265325 24.23000000
0.1253715456 24.21000000
0.08970113099 24.26000000
0.1332268268 24.29000000
0.1199848354 24.23000000
0.1087701321 24.26000000
0.1258132011 24.23000000
0.1333154142 24.25000000
0.1123079211 24.25000000
0.07247357070 24.25000000
0.1220287383 24.23000000
0.1239544973 24.21000000
0.09699893743 24.26000000
0.1324552298 24.29000000
0.1193131655 24.23000000
0.1096613407 24.26000000
0.1322482079 24.25000000
0.1284173429 24.23000000
0.1026821434 24.21000000
0.1116472930 24.25000000
0.07220288366 24.25000000
0.1242026836 24.21000000
0.1236047149 24.23000000
0.1668214947 24.30000000
0.09427199513 24.27000000
0.1064804196 24.30000000
0.06674267352 24.34000000
0.1248083785 24.29000000
0.1090015173 24.30000000
0.1129242703 24.30000000
0.1587109566 24.31000000
0.1379784942 24.29000000
0.08868178725 24.26000000
0.1305242181 24.29000000
0.1235015243 24.23000000
0.1096931174 24.26000000
0.1313880682 24.25000000
0.1279830933 24.23000000
0.1017567217 24.21000000
0.1236050949 24.21000000
0.08891241252 24.25000000
0.08793245256 24.26000000
0.1252146363 24.23000000
0.1307256818 24.29000000
0.1218983680 24.23000000
0.1315829754 24.25000000
0.1084095538 24.26000000
0.1125297248 24.25000000
0.1221990138 24.21000000
0.07279074192 24.25000000
0.1094833761 24.26000000
0.1268852353 24.23000000
0.1315923333 24.29000000
0.1235806346 24.23000000
0.1312348247 24.25000000
0.1087982953 24.26000000
0.1131504253 24.25000000
0.1199195534 24.21000000
0.09704461694 24.26000000
0.07769021392 24.13000000
0.1253554374 24.23000000
0.1297199726 24.30000000
0.1478772163 24.26000000
0.09567695856 24.30000000
0.1662248075 24.30000000
0.06639276445 24.34000000
0.1236690953 24.29000000
0.1081516221 24.30000000
0.1119777709 24.30000000
0.1375174969 24.29000000
0.1578162313 24.31000000
0.1300214976 24.30000000
0.1465687156 24.26000000
0.09572762251 24.30000000
0.1661731452 24.30000000
0.1259918511 24.29000000
0.1076283008 24.30000000
0.1107764021 24.31000000
0.1375343353 24.29000000
0.1591732651 24.31000000
0.1296022534 24.30000000
0.1458349228 24.26000000
0.09508565068 24.30000000
0.1650116295 24.30000000
0.1255569160 24.29000000
0.06586162746 24.34000000
0.1076432616 24.30000000
0.1109917760 24.31000000
0.1375900805 24.29000000
0.1572733223 24.31000000
0.1458325237 24.26000000
0.1304123849 24.30000000
0.09442675114 24.30000000
0.1641408503 24.30000000
0.1282559037 24.29000000
0.1070922315 24.30000000
0.1394829899 24.28000000
0.1097806767 24.31000000
0.1555999815 24.31000000
0.1443155557 24.26000000
0.1302212328 24.30000000
0.1236443073 24.30000000
