0.06408832222 24.80000000
0.06533151120 24.82000000
0.06270381808 24.83000000
0.05970155448 24.81000000
0.06796025485 24.84000000
0.06192811206 24.85000000
0.06431498379 24.82000000
0.04594167322 24.83000000
0.04323720187 24.82000000
0.06631687284 24.82000000
0.06411939859 24.82000000
0.04521567747 24.85000000
0.06308298558 24.80000000
0.08792850375 24.84000000
0.06034890935 24.81000000
0.05616912246 24.78000000
0.03770224005 24.83000000
0.05919772387 24.84000000
0.06247168779 24.82000000
0.06418495625 24.82000000
0.06078444421 24.82000000
0.04498416930 24.85000000
0.06297360361 24.80000000
0.09112885594 24.84000000
0.05610287189 24.78000000
0.04099052772 24.83000000
0.06061332300 24.81000000
0.05958055332 24.84000000
0.05006979778 24.82000000
0.06417641044 24.82000000
0.05336272717 24.85000000
0.06098425016 24.82000000
0.06338827312 24.80000000
0.09408463538 24.84000000
0.03734584525 24.83000000
0.06018751115 24.81000000
0.05709415302 24.78000000
0.05968465284 24.84000000
0.04297425598 24.82000000
0.06471084803 24.82000000
0.06022805721 24.82000000
0.06485222280 24.85000000
0.06362262368 24.80000000
0.04595381767 24.83000000
0.05981515348 24.84000000
0.06013514474 24.81000000
0.05612325668 24.78000000
0.06196875870 24.82000000
0.06416115910 24.82000000
0.06007497013 24.82000000
0.06522125006 24.85000000
0.06578852236 24.80000000
0.09969449043 24.84000000
0.04594077170 24.83000000
0.05998335034 24.84000000
0.05990833044 24.81000000
0.05632539466 24.78000000
0.06181118637 24.82000000
0.06430022418 24.82000000
0.06075324863 24.83000000
0.06371954829 24.80000000
0.06504145265 24.85000000
0.1018214971 24.84000000
0.04083672911 24.83000000
0.05980778486 24.81000000
0.06182416528 24.82000000
0.05652544275 24.78000000
0.06426623464 24.82000000
0.06339597702 24.80000000
0.05999351293 24.83000000
0.06486397982 24.85000000
0.1036433503 24.84000000
0.03718115762 24.83000000
0.06140085310 24.82000000
0.06014733762 24.81000000
0.06417883188 24.82000000
0.05650432408 24.78000000
0.06359220296 24.80000000
0.05966329947 24.83000000
0.1053957641 24.84000000
0.06481676549 24.85000000
0.07048971951 24.81000000
0.06125832349 24.82000000
0.06007421017 24.81000000
0.06392390281 24.81000000
0.05641679093 24.78000000
0.06391706318 24.80000000
0.05974534899 24.83000000
0.06925082207 24.81000000
0.06471649557 24.85000000
0.06378695369 24.81000000
0.05997571722 24.81000000
0.06322403997 24.80000000
0.06411835551 24.82000000
0.06277891994 24.83000000
0.05966698006 24.81000000
0.06755632907 24.84000000
0.06105384231 24.84000000
0.06167774647 24.82000000
0.05690585077 24.78000000
0.05965150520 24.83000000
0.06925755739 24.81000000
0.06493184716 24.85000000
0.06370641291 24.81000000
0.06214650720 24.83000000
0.05991676450 24.81000000
0.05286315829 24.78000000
0.06881061941 24.81000000
0.06656949967 24.79000000
0.06463453919 24.85000000
0.06400264800 24.81000000
0.06237603724 24.83000000
0.06479090452 24.81000000
0.05262814090 24.78000000
0.06866370142 24.81000000
0.06575780362 24.79000000
0.06184882671 24.84000000
0.06374035776 24.82000000
0.06227980182 24.83000000
0.06459345669 24.81000000
0.06088410318 24.81000000
0.06809014082 24.81000000
0.06435240060 24.82000000
0.06580524147 24.79000000
0.06189302728 24.84000000
0.06358350813 24.82000000
0.06169305742 24.83000000
0.06446830928 24.81000000
0.06012732536 24.81000000
0.06792669743 24.81000000
0.06344351172 24.82000000
0.06533116102 24.79000000
0.06164976954 24.80000000
0.06185992062 24.84000000
0.06360855699 24.82000000
0.06158936769 24.83000000
0.06485298276 24.81000000
0.06764012575 24.81000000
0.06347521394 24.82000000
0.06012968719 24.81000000
0.06486602873 24.79000000
0.06151867658 24.84000000
0.06079200283 24.80000000
0.06414758414 24.82000000
0.06364148855 24.83000000
0.06137298420 24.83000000
0.06425211579 24.81000000
0.06869193912 24.81000000
0.06327655911 24.82000000
0.05993569270 24.81000000
0.06467624754 24.79000000
0.06463113427 24.82000000
0.06377325952 24.83000000
0.06147626787 24.84000000
0.06067549065 24.80000000
0.06137699634 24.83000000
0.06421253085 24.81000000
0.06758732349 24.81000000
0.06318374723 24.83000000
0.05994256586 24.81000000
0.06427890807 24.79000000
0.06458051503 24.82000000
0.06358226389 24.83000000
0.06164734811 24.84000000
0.06078302860 24.80000000
0.06129396334 24.83000000
0.06770007312 24.81000000
0.06450776011 24.81000000
0.06364440173 24.83000000
0.06419390440 24.79000000
0.05950785428 24.81000000
0.06454697251 24.82000000
0.06416448951 24.83000000
0.04616370425 24.83000000
0.04302245751 24.82000000
0.06431043893 24.82000000
0.06407209486 24.82000000
0.06234520674 24.80000000
0.06169433892 24.81000000
0.06827031821 24.84000000
0.06035471335 24.81000000
0.06095524132 24.84000000
0.05381463096 24.85000000
0.06154254079 24.84000000
0.06091729552 24.80000000
0.06161977351 24.83000000
0.06743258238 24.81000000
0.06412369758 24.81000000
0.06482167542 24.83000000
0.05928043276 24.81000000
0.06413306296 24.79000000
0.06396453828 24.82000000
0.06396289915 24.83000000
0.06104906276 24.84000000
0.06147476286 24.83000000
0.06084645540 24.80000000
0.06768357754 24.81000000
0.06392817199 24.81000000
0.06448780745 24.83000000
0.06384691596 24.79000000
0.05949959159 24.81000000
0.06457788497 24.81000000
0.06407949328 24.82000000
0.04573792964 24.84000000
0.05486062169 24.84000000
0.05207758769 24.84000000
0.06729817390 24.81000000
0.06349071115 24.82000000
0.06402433664 24.83000000
0.06036528945 24.84000000
0.06700544059 24.81000000
0.06082117558 24.81000000
0.06371992826 24.81000000
0.06392797083 24.83000000
0.06287609041 24.84000000
0.04314786568 24.84000000
0.06436772645 24.81000000
0.06385720521 24.82000000
0.04549895227 24.84000000
0.06272137165 24.84000000
0.05187424272 24.84000000
0.06721211225 24.81000000
0.06667076051 24.82000000
0.06293236464 24.84000000
0.04320047051 24.84000000
0.06414136291 24.81000000
0.04560036957 24.84000000
0.06242830679 24.82000000
0.04893071577 24.84000000
0.05234543979 24.84000000
0.06689141691 24.81000000
0.06648810208 24.82000000
0.06493845582 24.84000000
0.04410496354 24.84000000
0.04544175416 24.84000000
0.06394030154 24.81000000
0.06219035015 24.82000000
0.04923056066 24.84000000
0.05240841582 24.84000000
0.06707938015 24.81000000
0.06641455740 24.82000000
0.06302244961 24.84000000
0.04315909743 24.84000000
0.04590484872 24.84000000
0.06354597956 24.81000000
0.04943573102 24.84000000
0.06240919977 24.82000000
0.05313175172 24.84000000
0.06680318713 24.81000000
0.06622097641 24.83000000
0.06234288588 24.84000000
0.03641217202 24.84000000
0.04296369478 24.84000000
0.04775034636 24.84000000
0.05849228054 24.84000000
0.06470968574 24.81000000
0.05421319231 24.84000000
0.06206068397 24.82000000
0.06638911366 24.81000000
0.06586752087 24.83000000
0.06251971424 24.84000000
0.03983116150 24.84000000
0.04764720052 24.84000000
0.04289207980 24.84000000
0.04904575273 24.84000000
0.05515869707 24.84000000
0.06366366148 24.81000000
0.06213154271 24.82000000
0.06604850292 24.83000000
0.06220234931 24.84000000
0.03986206651 24.84000000
0.05329221487 24.84000000
0.04880057275 24.84000000
0.04269465804 24.84000000
0.05642522871 24.84000000
0.06363981962 24.81000000
0.06171336025 24.82000000
0.06615059078 24.81000000
0.06631912291 24.83000000
0.04489957541 24.84000000
0.06468142569 24.84000000
0.05354538187 24.84000000
0.07732342184 24.84000000
0.04279813915 24.84000000
0.05738683045 24.84000000
0.06386030465 24.81000000
0.06551928073 24.81000000
0.06171989441 24.82000000
0.06617002189 24.83000000
0.04507810995 24.84000000
0.04727287963 24.84000000
0.06223077327 24.84000000
0.07673084736 24.84000000
0.06338150054 24.84000000
0.04965825379 24.83000000
0.06415402889 24.81000000
0.06374689937 24.82000000
0.06359204650 24.79000000
0.06042823568 24.81000000
0.06378881633 24.83000000
0.06717588753 24.81000000
0.06054165959 24.83000000
0.06137895584 24.81000000
0.06366699189 24.81000000
0.06382854283 24.83000000
0.06588953733 24.81000000
0.06166444719 24.82000000
0.06581375003 24.83000000
0.03996832296 24.84000000
0.04824236035 24.84000000
0.06194956228 24.84000000
0.05880825967 24.84000000
0.06330186874 24.84000000
0.04943658412 24.83000000
0.06346501410 24.81000000
0.06561855972 24.81000000
0.06138794124 24.82000000
0.06741650403 24.87000000
0.06529248506 24.83000000
0.06702914089 24.80000000
0.06224280596 24.84000000
0.06512172520 24.83000000
0.06465616077 24.82000000
0.06163646653 24.81000000
0.06186018512 24.83000000
0.06245807186 24.84000000
0.06343870610 24.81000000
0.06647963822 24.87000000
0.06737110764 24.81000000
0.06600987166 24.80000000
0.06129872799 24.82000000
0.06533721834 24.82000000
0.06510389596 24.83000000
0.06795059144 24.82000000
0.06314505637 24.81000000
0.06667520106 24.81000000
0.06831178814 24.84000000
0.06642208248 24.87000000
0.06240108982 24.81000000
0.06648431718 24.80000000
0.06772825122 24.81000000
0.06572844088 24.82000000
0.06521322578 24.83000000
0.06432909518 24.82000000
0.06591591239 24.82000000
0.06289324164 24.81000000
0.06643252820 24.87000000
0.06544530392 24.84000000
0.06240636110 24.81000000
0.06651113927 24.80000000
0.06764349341 24.81000000
0.06484418362 24.84000000
0.06437131017 24.82000000
0.06348943710 24.82000000
0.07083977759 24.82000000
0.06288521737 24.81000000
0.06888186932 24.81000000
0.06591066718 24.87000000
0.06861236691 24.84000000
0.06635177135 24.81000000
0.06178146973 24.81000000
0.06651008129 24.81000000
0.06454940140 24.84000000
0.06350069493 24.82000000
0.06445548683 24.82000000
0.06429388374 24.82000000
0.06276564300 24.81000000
0.06622872502 24.81000000
0.06574541330 24.87000000
0.06285923719 24.84000000
0.06609852612 24.81000000
0.06667063385 24.81000000
0.06163205579 24.81000000
0.06422564387 24.84000000
0.06295181066 24.82000000
0.06396344304 24.82000000
0.06497465074 24.82000000
0.06498092413 24.81000000
0.06235127524 24.81000000
0.06537242234 24.87000000
0.06224357337 24.84000000
0.06613375247 24.81000000
0.06364544481 24.84000000
0.06661128998 24.81000000
0.06131856143 24.81000000
0.06401033700 24.83000000
0.06309013069 24.82000000
0.06368236244 24.82000000
0.06494479626 24.81000000
0.06217472628 24.81000000
0.06520706415 24.87000000
0.06212083995 24.84000000
0.06578525901 24.81000000
0.06625627726 24.81000000
0.06314136088 24.84000000
0.06105431914 24.81000000
0.06428619474 24.83000000
0.06369743496 24.82000000
0.06391514093 24.82000000
0.06445680559 24.82000000
0.06276474893 24.79000000
0.06361217052 24.83000000
0.05967489257 24.81000000
0.06705471128 24.81000000
0.06108622253 24.83000000
0.06029975414 24.84000000
0.06164144352 24.81000000
0.06461492926 24.81000000
0.06227710843 24.81000000
0.06600575894 24.87000000
0.06600224972 24.81000000
0.06312187016 24.84000000
0.06620536000 24.81000000
0.06070753187 24.81000000
0.06359469146 24.83000000
0.06281035393 24.82000000
0.06445014477 24.81000000
0.06391465664 24.82000000
0.06497640908 24.87000000
0.06221975759 24.82000000
0.06552498788 24.81000000
0.06219676882 24.84000000
0.06349030137 24.84000000
0.06664645672 24.81000000
0.06312587857 24.83000000
0.06128253043 24.81000000
0.06265027076 24.82000000
0.06510856748 24.87000000
0.06439644098 24.81000000
0.06402254105 24.82000000
0.06229564548 24.82000000
0.06539079547 24.81000000
0.06206902489 24.84000000
0.06262605637 24.84000000
0.06688211858 24.81000000
0.06278524548 24.83000000
0.05999118462 24.81000000
0.06274143606 24.82000000
0.06495340168 24.87000000
0.06398365647 24.80000000
0.06566841900 24.82000000
0.06546931714 24.81000000
0.06219689175 24.82000000
0.06220153719 24.84000000
0.06280653179 24.84000000
0.06663059443 24.81000000
0.06310041994 24.83000000
0.05982724950 24.81000000
0.06476829946 24.87000000
0.06283916533 24.82000000
0.06397152692 24.80000000
0.06494414061 24.81000000
0.06229555979 24.82000000
0.06431630999 24.82000000
0.06203033030 24.84000000
0.06238518655 24.84000000
0.06653123349 24.82000000
0.06301208586 24.83000000
0.06444461644 24.87000000
0.06311549246 24.82000000
0.05952632800 24.81000000
0.06368459761 24.80000000
0.06516334414 24.81000000
0.06207752228 24.82000000
0.06418476999 24.82000000
0.06171775609 24.84000000
0.06251768023 24.84000000
0.06636404991 24.82000000
0.06295584142 24.83000000
0.06413725019 24.87000000
0.06365384907 24.80000000
0.06263555586 24.82000000
0.05952876806 24.81000000
0.06508736312 24.81000000
0.06159945577 24.84000000
0.06280545890 24.84000000
0.06408850104 24.82000000
0.06368234009 24.83000000
0.06616515666 24.82000000
0.06453328580 24.87000000
0.06229397282 24.82000000
0.06334388256 24.80000000
0.05941624939 24.81000000
0.06524729729 24.81000000
0.06173049286 24.84000000
0.06191311777 24.82000000
0.06217326596 24.84000000
0.06416907907 24.82000000
0.06311070174 24.83000000
0.06656419486 24.82000000
0.06406213343 24.87000000
0.06240125746 24.82000000
0.06551893055 24.81000000
0.05935363844 24.81000000
0.06184013560 24.84000000
0.06161160767 24.84000000
0.06157522649 24.82000000
0.06435241550 24.82000000
0.06282146275 24.83000000
0.06400466710 24.83000000
0.06330709159 24.81000000
0.06484247744 24.82000000
0.06299661845 24.80000000
0.06351124495 24.83000000
0.05949422717 24.81000000
0.06771758944 24.81000000
0.06094054878 24.83000000
0.06020667404 24.84000000
0.06177600473 24.81000000
0.06383700669 24.83000000
0.06341896951 24.81000000
0.06624440849 24.82000000
0.06250491738 24.80000000
0.06358712167 24.83000000
0.05914602801 24.81000000
0.06609240919 24.84000000
0.06077918783 24.84000000
0.06122542918 24.84000000
0.06367697567 24.83000000
0.06315223873 24.81000000
0.06199780479 24.81000000
0.06177808717 24.87000000
0.06353846192 24.83000000
0.06262874603 24.80000000
0.06607437134 24.84000000
0.05924266949 24.81000000
0.06084572151 24.84000000
0.06034355983 24.84000000
0.06415201724 24.83000000
0.06217660382 24.87000000
0.06325082481 24.81000000
0.06252540648 24.81000000
0.06671895087 24.82000000
0.06278042495 24.80000000
0.06599444896 24.84000000
0.05983195454 24.81000000
0.06133080646 24.84000000
0.06029114872 24.84000000
0.06195905432 24.80000000
0.06138623133 24.87000000
0.06298379600 24.81000000
0.06241452321 24.81000000
0.06550917029 24.82000000
0.04605261981 24.83000000
0.04296691716 24.82000000
0.06418606639 24.82000000
0.05771236867 24.78000000
0.06438464671 24.82000000
0.06200299785 24.80000000
0.06131852046 24.81000000
0.06840623170 24.84000000
0.06035136431 24.84000000
0.06252876669 24.80000000
0.06599767506 24.84000000
0.06228176877 24.81000000
0.06380677968 24.81000000
0.06050371751 24.84000000
0.06132847071 24.87000000
0.06060071662 24.80000000
0.06337612867 24.81000000
0.06560477614 24.82000000
0.06233733147 24.81000000
0.06111956760 24.82000000
0.06582984328 24.85000000
0.06223041937 24.81000000
0.05910725892 24.81000000
0.06057606637 24.84000000
0.06122964621 24.87000000
0.06086805463 24.80000000
0.06512251496 24.83000000
0.06492783874 24.82000000
0.06527972221 24.85000000
0.06270523369 24.81000000
0.06101812422 24.82000000
0.05137910321 24.81000000
0.05851551145 24.81000000
0.06112841144 24.87000000
0.06067864224 24.80000000
0.06180389971 24.82000000
0.06378588825 24.83000000
0.06526591629 24.85000000
0.06519991159 24.82000000
0.06099713594 24.82000000
0.06267467141 24.81000000
0.05092321709 24.81000000
0.04108113050 24.85000000
0.06077475846 24.80000000
0.06213563681 24.82000000
0.06351998448 24.83000000
0.06534263492 24.83000000
0.06066547334 24.82000000
0.06301046908 24.81000000
0.06050118431 24.86000000
0.06193628535 24.81000000
0.06108412147 24.87000000
0.06204216182 24.82000000
0.06567046046 24.84000000
0.06549498439 24.83000000
0.06321644038 24.83000000
0.06055059657 24.82000000
0.05733825266 24.88000000
0.06149140373 24.81000000
0.06048366800 24.87000000
0.05655898154 24.84000000
0.06202508882 24.82000000
0.06472817063 24.85000000
0.06545190513 24.83000000
0.06280331314 24.83000000
0.06059684977 24.82000000
0.06169800088 24.81000000
0.05722118169 24.88000000
0.05975314230 24.86000000
0.06058594212 24.87000000
0.06077206135 24.80000000
0.05685885996 24.84000000
0.06232741103 24.82000000
0.06472167373 24.85000000
0.06698304415 24.82000000
0.06267219782 24.83000000
0.06075654179 24.82000000
0.06162767485 24.81000000
0.05739445239 24.88000000
0.06059889868 24.87000000
0.06207035482 24.80000000
0.05655467510 24.84000000
0.06238420308 24.82000000
0.06497210264 24.85000000
0.06511515379 24.83000000
0.06231069565 24.83000000
0.06106052920 24.82000000
0.05196809769 24.81000000
0.06051729620 24.87000000
0.05768252909 24.88000000
0.08119669557 24.86000000
0.06056161225 24.80000000
0.05681113154 24.84000000
0.06426932663 24.85000000
0.06249904260 24.82000000
0.05242600664 24.85000000
0.04577733949 24.83000000
0.04299876839 24.82000000
0.06207030639 24.82000000
0.06375732273 24.82000000
0.06243078411 24.80000000
0.05672435835 24.78000000
0.06099865586 24.81000000
0.06954933703 24.84000000
0.06550054252 24.83000000
0.06194166094 24.83000000
0.06102692336 24.82000000
0.05048279464 24.81000000
0.06069768965 24.87000000
0.05795867741 24.88000000
0.08022415638 24.86000000
0.06494349986 24.85000000
0.05653943866 24.84000000
0.06442606449 24.83000000
0.06243237108 24.82000000
0.06161022186 24.83000000
0.06144518405 24.82000000
0.06028652564 24.87000000
0.05051504076 24.81000000
0.06018687785 24.80000000
0.06420353800 24.85000000
0.05617352948 24.84000000
0.06466510147 24.83000000
0.06321487576 24.82000000
0.06134526059 24.83000000
0.06182627380 24.82000000
0.06001543999 24.87000000
0.06064815447 24.81000000
0.06015344709 24.80000000
0.06333471835 24.85000000
0.06420553476 24.83000000
0.05620687455 24.84000000
0.06356155127 24.82000000
0.05995091051 24.84000000
0.04568506777 24.83000000
0.04328784347 24.82000000
0.05244032294 24.85000000
0.06184946001 24.82000000
0.06382750720 24.82000000
0.06282685697 24.80000000
0.05649612099 24.78000000
0.07102796435 24.84000000
0.06092783064 24.81000000
0.06016711891 24.84000000
0.04603168741 24.83000000
0.04315462336 24.82000000
0.05335924402 24.85000000
0.06362234056 24.82000000
0.06257294118 24.80000000
0.05629082024 24.78000000
0.07329959422 24.84000000
0.06142807752 24.81000000
0.05983443558 24.84000000
0.04582120478 24.83000000
0.06288940459 24.82000000
0.05277598649 24.85000000
0.06400676072 24.82000000
0.06185437366 24.82000000
0.06259505451 24.80000000
0.05621726811 24.78000000
0.07679639012 24.84000000
0.06057190895 24.81000000
0.04618581012 24.83000000
0.05957542732 24.84000000
0.04314137995 24.82000000
0.05219967663 24.85000000
0.06524413824 24.82000000
0.06259288639 24.80000000
0.08395797014 24.84000000
0.05604489148 24.78000000
0.06048292294 24.81000000
0.03781403601 24.83000000
0.05921089277 24.84000000
0.04303559288 24.82000000
