0.602130
0.637117
0.760744
0.905481
1.07746
1.05634
0.674338
0.720723
1.12552
1.06585
1.06836
1.01948
0.947495
1.04408
1.08875
1.12223
1.02698
1.04863
0.747276
0.719758
1.09298
1.07483
0.701209
0.815578
0.907147
0.939396
0.647071
0.622010
1.07076
0.621124
0.668801
0.869885
0.923653
0.705105
0.743292
0.975419
1.05482
0.861205
0.856850
0.887970
1.06033
1.17235
1.23968
0.750002
0.715105
0.688490
0.703903
0.632663
0.594578
0.897386
0.901750
0.729412
0.746548
0.892864
0.721395
0.774478
0.719584
1.07586
1.02794
0.902306
0.905332
1.33819
1.09201
0.694401
0.708686
0.672495
0.712276
0.694492
0.724465
0.627497
0.581348
0.887011
1.20985
0.723987
0.674760
0.709741
0.782136
0.649371
0.724233
1.20617
1.16182
0.923687
0.974023
0.713664
0.674590
0.810380
0.736417
1.11363
1.04665
0.726883
0.723851
0.599286
0.612063
0.883488
0.825997
0.802844
0.735205
0.776590
0.895220
0.628703
0.640561
1.21619
1.28048
0.704173
0.709539
0.897124
0.830092
0.814335
0.691754
1.17707
1.22053
0.632542
0.610023
0.878549
0.832102
0.833861
0.829879
0.724269
0.761464
0.654155
0.703197
1.02366
1.09973
0.891226
0.997110
0.724638
0.799978
0.770329
0.751819
0.806102
0.776354
1.30056
1.24065
0.677303
0.719100
0.718614
0.771240
0.849398
0.803185
0.897718
1.14043
1.21706
0.654564
0.696294
0.906686
0.843353
0.758111
0.748888
0.813122
0.809510
0.773349
0.696186
0.933933
1.26036
0.892779
0.734558
0.947987
0.950389
0.914745
0.987703
0.874463
0.717312
0.697744
0.909818
1.03888
0.845291
0.956972
0.794013
0.760977
0.802540
0.757180
0.852573
0.819946
1.24434
0.996860
0.953450
0.833565
0.914177
0.820996
0.760310
1.17360
0.986430
0.746181
0.739565
0.654483
0.659557
0.772756
0.768368
0.736913
0.714072
0.661359
0.619581
0.826438
0.896386
0.932638
0.848500
0.772623
0.808804
0.820146
1.15591
0.748654
0.831864
0.705002
0.644299
0.620935
0.719654
0.942174
0.989561
0.959808
1.03469
0.666113
0.785770
1.18865
1.26160
1.07254
1.07544
0.739607
0.815264
1.17339
1.16702
1.19605
1.26701
0.930011
0.829193
0.953207
0.763102
0.688709
0.638587
0.641354
0.657503
0.752357
0.823063
0.766026
0.810134
0.963810
0.847808
0.818570
0.930058
1.35345
1.48266
0.720355
0.742951
0.633800
0.634987
0.780664
0.808523
0.958019
0.657888
0.694892
0.943234
0.867206
1.11923
1.17470
1.43678
1.41990
0.931962
0.860034
0.727002
0.680979
0.839315
0.828170
1.08596
0.629322
0.645179
0.560907
0.572155
0.778692
0.791920
1.04576
0.593936
0.561539
1.35345
1.27599
0.840096
1.03093
0.682903
0.685095
0.760790
0.760141
0.620625
0.593956
0.583731
0.619533
0.780777
0.740585
0.970796
0.957806
0.567875
0.542602
1.40858
1.33450
0.881496
1.03866
0.787072
0.729587
0.640816
0.665640
0.721022
0.771726
0.634367
0.591436
0.776781
0.742567
1.06019
0.571727
0.536407
0.648381
0.651643
1.23514
1.20145
0.755082
0.770366
0.959153
1.04711
0.683909
0.731225
0.826701
0.835477
0.687599
0.686228
0.580096
0.579174
0.623578
0.588596
1.00607
0.509630
0.521806
0.669408
0.607671
1.33968
1.16858
0.732398
0.706983
0.966489
0.888569
0.712082
0.775062
1.15416
1.12508
0.670391
0.661037
0.597051
0.593828
0.921660
0.848233
0.973302
0.535244
0.517162
0.696706
0.628917
1.28088
1.05532
0.627083
0.608372
0.942371
1.01876
0.733480
0.751789
1.22273
1.19786
0.707290
0.826842
0.876761
0.741375
0.680714
0.606540
0.950874
0.551595
0.572445
1.05582
1.07194
0.612432
0.552987
0.585428
0.625671
1.49153
0.893715
1.03216
1.09127
0.812961
0.745268
0.904334
0.930176
0.705224
0.679090
1.03955
0.965164
1.00421
0.692498
0.715357
0.987171
1.05756
0.860879
0.903803
0.817885
0.906674
1.04685
1.05440
1.23842
1.12564
0.681843
0.714452
1.12882
0.862535
0.753845
0.761858
1.16136
0.925449
0.813685
0.824879
0.876337
0.800020
0.657440
0.608531
1.02805
0.988538
0.631714
0.619310
0.554873
0.544326
1.42486
1.52632
0.608486
0.682494
1.04491
0.809503
0.784195
0.824817
0.787227
0.995327
1.11503
0.891885
0.670688
0.716866
0.666613
1.03123
0.966146
0.630156
0.637168
1.29424
1.30860
0.590847
0.663734
0.913777
0.852798
1.08022
0.913649
0.920148
0.909270
0.680475
0.755509
1.02658
0.843901
0.877972
0.917003
0.740568
0.838473
0.644433
0.628303
0.595434
0.625621
0.702132
0.684264
0.971970
0.935527
0.817188
0.784274
0.661209
0.694923
1.18252
1.21945
0.726386
0.724730
0.981923
1.00761
0.568487
0.555823
0.894285
0.957361
0.840089
0.814088
0.705215
0.724267
0.895781
0.883459
0.792482
0.710370
0.846034
0.869460
0.870998
0.942117
0.678827
0.746722
1.20611
0.950395
0.971915
1.01033
0.939267
0.760922
0.773872
0.613124
0.573600
0.570385
0.584338
1.23406
1.08935
0.884446
0.897319
0.848810
0.833644
0.686599
0.737363
0.894388
0.936519
0.667072
0.687487
0.680548
0.714711
1.12063
1.04059
0.972142
0.856470
0.910710
0.929673
0.792883
0.881772
0.896939
0.868517
0.650322
0.699636
0.602343
0.608714
0.593187
0.568647
1.43492
0.986203
0.895908
0.934901
0.944980
0.739773
0.756608
0.820031
0.743524
0.963720
0.971045
0.718076
0.647354
1.18031
1.09468
0.951950
1.06356
0.668532
0.656909
0.987113
0.975832
0.806856
0.835122
0.863989
0.872438
0.771874
0.741088
0.583113
0.581533
0.560314
0.560816
1.00990
1.09272
1.01227
0.952626
0.738942
0.782105
0.806903
0.751805
0.943965
0.942849
0.643229
0.724357
1.13801
1.02587
1.08082
1.07989
0.692503
0.782580
0.892745
0.808790
1.07599
0.921142
0.820866
0.879782
0.776501
0.704192
0.595570
0.560309
0.595087
0.582471
1.06868
1.12385
0.912455
0.874566
0.688150
0.636034
0.811900
0.759924
0.805245
0.741489
0.814981
0.827729
0.790481
0.793792
0.754895
0.655663
0.851561
0.871452
0.875095
0.781608
0.744899
0.787533
0.951141
0.799106
0.916681
0.583062
0.622427
0.575424
0.528370
0.923803
1.04167
0.817572
0.864941
0.633795
0.877475
0.738565
0.746040
0.788020
0.823038
0.737200
0.874324
0.768170
0.884228
1.01297
0.796436
0.775402
0.804185
0.774129
0.908413
0.982066
0.843324
0.848589
0.982661
0.924548
0.889215
0.893786
1.04648
0.893203
0.713845
0.753885
0.996961
0.870830
0.788042
0.788616
0.859873
0.936232
0.772089
0.917582
0.845251
0.718033
1.18809
0.989976
0.905423
0.882497
0.516854
0.563547
1.02353
1.03771
1.01399
0.974385
0.895627
0.837826
0.622048
0.629115
0.791241
1.01746
0.778746
0.835417
0.991010
0.908600
0.978745
0.909646
0.730790
0.798803
0.573424
0.593159
0.981653
0.893925
0.965898
1.06681
0.850034
0.914351
1.20529
0.831922
0.658445
0.609484
0.865639
0.928457
1.13450
1.06999
0.893034
0.903950
0.779312
0.761040
0.961560
0.966567
0.735130
0.723264
0.582328
0.663869
1.18586
0.976792
0.594962
0.635729
0.907180
0.988450
0.713113
0.730257
0.788189
0.744321
1.13421
1.13818
0.642770
0.629882
0.884897
0.585305
0.571958
0.605971
0.585603
0.901471
0.987786
1.06094
1.01955
1.02827
0.867344
0.914276
1.14103
0.594835
0.634059
1.11784
1.09326
0.900388
0.870205
0.873420
0.965952
0.812121
0.891855
0.944721
0.967166
0.861042
0.794713
0.574646
0.523780
0.943850
1.02738
0.951147
0.993109
0.886657
1.16524
0.897369
0.778673
0.713544
0.733211
0.956290
1.30903
0.793671
0.765143
1.77617
1.46794
0.645759
0.643762
0.691848
0.701258
0.927739
0.929161
0.884649
0.927531
1.39451
0.933457
0.969029
0.782896
0.835719
0.997449
0.828538
0.732817
0.757827
0.793036
0.819606
0.790282
0.876004
0.984387
1.00582
0.862276
0.582953
0.630599
0.716458
0.807812
1.33286
1.40730
1.27168
1.00946
0.540482
0.653538
0.709412
0.649769
1.27529
1.30502
0.992736
0.991191
1.05632
1.02185
1.13530
1.08223
0.913730
0.904189
0.737932
0.639216
0.634339
0.939599
0.949617
0.514361
0.565912
0.658830
0.820229
0.823883
0.757038
0.632408
0.491841
1.56052
1.25619
1.18397
1.21083
0.985315
0.974726
1.42920
1.32498
1.09220
1.09010
1.28797
1.22350
0.856156
0.839150
0.631558
0.645926
0.757676
0.796450
0.942706
0.938988
0.523907
0.529808
0.803448
0.712525
0.513148
0.537126
1.18250
1.32452
1.03568
1.06578
0.648982
0.656957
0.639162
0.584419
0.848512
1.08767
1.24118
1.08071
1.03296
0.843623
0.869798
1.21360
1.23849
0.674913
0.699876
0.700823
0.761813
0.604963
0.697504
0.917164
0.579525
0.564185
0.727863
0.708844
1.07453
1.16651
1.06863
1.11959
0.671329
0.614492
0.533713
0.500051
0.822525
0.913477
1.36783
1.22926
1.05694
1.31065
0.883516
0.898210
0.840565
0.727924
0.726185
1.16543
1.27358
0.757367
0.756874
0.622872
0.618696
0.885396
0.819155
0.648333
0.608687
0.841791
0.790274
1.17599
1.11639
0.583148
0.561837
0.505242
0.506103
1.01607
1.18409
1.11007
1.17373
1.38803
1.07750
1.05682
0.888809
0.819208
0.757002
0.803996
0.719549
0.677905
1.16349
1.13280
1.15035
1.15764
0.618503
0.688796
0.873090
0.923665
0.891396
0.900547
0.776779
0.951917
0.635595
0.639449
0.515177
0.524068
1.12916
1.21006
0.882613
1.20853
1.32908
1.30232
1.21440
1.24793
0.786886
0.761229
0.649842
0.690335
0.816204
0.823679
1.00659
1.04993
1.19064
1.14372
0.722202
0.636661
0.891769
0.778511
0.966871
0.802162
0.748574
0.752570
0.752717
1.00710
1.07593
0.887299
0.924212
0.677465
0.654443
0.858822
0.890799
0.719967
0.728706
0.804579
0.809589
1.22063
1.24121
0.570984
0.617952
0.507640
0.512801
1.08837
1.04006
0.937815
0.916942
0.890898
0.778891
0.967832
0.798413
0.679102
0.700576
1.13608
1.09184
0.905502
0.886704
0.764776
0.747268
0.690399
0.724282
0.640180
0.685719
1.03602
0.957673
1.23456
0.879657
0.811193
0.899578
0.995589
1.27736
1.27895
0.814116
0.764358
1.33622
1.51227
0.858882
0.790755
0.701519
0.739737
0.919439
0.881816
1.20656
1.08836
0.887106
0.927932
0.841701
0.842376
0.800763
0.844623
0.711417
0.699176
1.04645
0.963988
1.00790
0.833737
1.33184
1.27816
0.757569
0.850952
1.30780
1.79087
0.771569
0.804485
0.715686
0.724477
0.764811
0.820467
1.22540
1.21533
0.881847
0.848736
0.919283
0.755590
0.828174
0.895562
0.648613
0.691330
1.05728
0.952443
0.886068
0.969865
0.669558
0.725173
0.899416
0.951113
1.01174
1.21379
1.67887
1.65081
0.822732
0.682151
0.738362
0.777806
0.977760
0.861259
1.05089
1.02819
0.838324
0.935617
0.844654
0.855293
0.903667
0.935061
0.671322
0.657931
0.894525
0.930622
1.26240
1.25204
0.911302
0.813363
1.00546
1.01007
0.694174
0.684378
1.37054
1.45667
0.862914
0.950161
0.771989
0.670704
0.979902
0.958655
1.76143
1.13951
0.906791
0.773139
1.04219
1.15407
0.871667
0.865369
0.698935
0.695780
0.884941
0.936951
1.38115
1.13451
1.04176
0.986372
0.997617
1.01615
0.850508
0.669344
1.50691
1.49305
0.688431
0.671637
0.600771
0.631813
0.941961
1.09436
1.21216
0.903986
0.540790
0.537706
0.811089
0.730587
0.780918
0.806675
1.07754
1.14781
0.707174
0.815891
1.24317
1.43263
0.911537
0.645028
0.913116
0.917523
1.00827
1.15167
0.710066
0.685361
1.01754
0.904818
0.643982
0.580404
0.913457
0.948545
0.742691
0.756903
0.524495
0.508801
0.820308
0.774987
1.21439
1.11242
0.800514
0.840772
1.15867
1.12190
1.26410
1.15597
0.626917
0.692547
0.868510
0.855691
0.666708
0.726275
0.993534
0.837655
0.604954
0.634144
1.10224
1.51490
0.678853
0.657455
1.02215
1.01255
1.17376
1.08626
0.754313
0.777491
0.987424
0.978423
1.11170
1.10193
1.00361
0.908547
1.16130
1.19121
0.797608
0.826846
0.894021
0.966919
1.00831
0.533967
0.500138
0.699742
0.701789
0.724864
0.708784
1.20305
1.11788
1.02655
0.910275
0.729768
0.694939
0.807367
0.802371
0.668149
0.747929
0.785278
0.814206
1.05545
1.19073
0.554479
0.523162
0.729512
0.729089
0.789775
0.811914
1.11221
1.24187
0.816893
0.907921
0.643386
0.641847
0.512002
0.497868
0.757039
0.689568
0.759482
0.699948
0.915266
0.512599
0.551733
0.634234
0.653152
1.30122
1.05219
0.784809
0.883531
0.742201
0.766895
1.11374
1.05083
0.552533
0.583899
0.703040
0.692522
0.672627
0.669904
0.751730
0.770621
0.930210
0.529948
0.516073
0.830678
0.843090
0.658268
0.646276
1.07168
1.10810
1.47290
1.34273
1.22052
1.13399
0.980189
0.947553
0.564367
0.534620
0.630522
0.670560
0.747690
0.747184
0.733432
0.728763
0.852973
0.866970
0.999981
0.865095
0.689722
0.667931
1.33978
1.41920
1.16414
1.19056
1.24193
1.20391
1.06698
1.05680
0.914157
0.858266
0.999478
0.977438
0.635611
0.624835
1.02459
0.942203
1.15847
0.959005
0.765354
0.772100
1.45658
1.26631
1.13214
0.931463
1.00513
1.00009
0.864761
1.13618
0.980745
0.967585
0.766998
0.735732
0.898303
0.987952
0.511251
0.505234
0.637685
0.603787
1.00168
0.979288
0.750111
0.778004
0.870478
0.740606
0.812472
0.838999
0.679880
0.635463
1.32178
1.12171
1.40089
1.37082
1.30511
0.849157
0.903116
0.461681
0.495497
1.48268
1.22211
0.804716
0.755886
0.814901
0.854020
0.743508
0.710748
0.896713
0.783606
1.22226
1.29773
1.35442
1.36936
1.15942
1.16264
0.488056
0.501608
1.39988
1.26561
0.902989
0.934390
1.27018
1.11264
0.740555
0.606863
0.754601
0.767316
0.927603
0.898926
0.877692
0.878434
1.43877
1.48553
0.510385
0.472499
1.56991
1.54414
1.38808
1.28032
0.871547
0.908957
1.12872
1.27859
1.12104
1.06909
0.854825
0.518546
0.530234
0.824956
0.862111
0.786281
0.799514
1.36488
1.31237
1.69439
1.35737
1.39705
1.74705
0.959026
0.922276
1.27381
1.24609
0.985069
0.992603
0.706468
0.821744
0.726727
0.695554
1.17726
1.26517
0.719289
0.680586
0.744174
0.805661
0.478383
0.453182
1.47043
1.41678
1.45937
1.43389
1.15268
1.27829
0.966650
1.14284
1.13895
1.05791
1.18471
1.29535
0.734310
0.719641
0.933255
0.617540
0.616197
0.791342
0.796434
0.452802
0.485029
1.41732
1.26646
1.35573
1.27486
1.30660
1.04616
0.945453
1.13683
1.04732
1.00952
0.860746
1.01057
1.01335
0.851859
0.707891
0.713163
0.709406
0.714614
0.671031
0.818798
0.797092
0.924330
0.621126
0.703588
0.784975
0.761303
0.471743
0.461514
1.61250
1.63316
1.39588
1.32767
1.34466
1.30624
1.03363
0.971179
0.987588
1.02661
0.922578
0.815963
0.727996
0.705600
0.849928
0.912254
0.861144
0.930118
0.676552
0.658398
0.862619
0.757577
0.476115
0.458615
1.68653
1.25552
1.49598
1.13662
1.32222
0.998447
0.974627
0.863316
0.819458
0.662982
0.740638
0.950877
1.03639
0.756855
0.725324
0.757714
0.698782
1.06363
0.923317
0.992544
1.00938
0.712373
0.742649
0.467251
0.472143
0.837263
0.780768
0.857436
0.937275
1.11070
1.21742
0.850928
0.793757
0.923715
0.635153
0.621102
0.899231
0.717723
0.782999
0.713301
0.586236
0.627995
0.991459
1.07403
0.937904
0.951697
1.11098
1.16341
0.816974
0.864639
0.971167
1.00725
1.57910
1.85313
1.91237
1.21761
1.28515
1.07502
0.933080
0.861528
0.767368
0.763334
0.753484
0.686967
0.967165
0.873483
0.742136
0.675458
0.656686
0.655956
0.442850
0.457470
0.954808
0.734254
0.735121
1.83977
1.97144
1.39167
1.61971
0.896284
0.796774
1.15834
1.15954
0.797540
0.848323
0.668152
0.712819
0.938163
0.804381
0.941754
0.942986
0.467742
0.498627
0.974057
0.862523
0.707014
0.755701
1.25758
1.25598
0.854854
0.807180
1.21475
1.36230
0.844477
0.796057
0.682557
0.765158
0.825573
0.714465
0.843637
0.993035
0.501795
0.447412
1.85448
1.54666
1.26211
0.753602
0.574234
0.556346
0.713751
0.851650
0.724024
0.668404
0.848655
0.802834
0.903225
0.995181
0.647673
0.606009
1.21053
1.14656
0.785675
0.839135
0.713174
0.703590
0.658247
0.726463
0.897178
0.892825
1.02822
1.00308
1.05887
1.09888
0.985146
0.942667
0.791694
0.810442
0.622872
0.758148
0.795792
0.864914
0.945159
0.914693
0.541815
0.567204
0.886498
0.802381
0.853854
0.813908
0.961910
0.974305
1.20910
1.57214
1.08277
0.965311
0.868085
0.858911
0.689752
0.641225
0.867651
0.854444
0.877636
0.856471
0.588356
0.581888
0.864453
0.727975
0.875703
0.863680
0.764772
0.785704
0.677373
0.713487
0.689278
0.743881
0.993403
1.04176
1.35534
1.27987
0.992550
0.993042
0.925146
0.945810
0.705567
0.749116
0.674343
0.646259
0.900431
1.01473
0.602641
0.645101
0.692585
0.721090
0.739745
0.838773
1.00601
1.11993
0.810661
0.885204
1.39796
1.51384
0.837711
0.790983
0.716954
0.724599
0.794676
0.785729
0.604645
0.559526
