0.612330
0.646063
0.717369
0.799305
0.941230
0.879672
0.931753
0.906462
0.905301
0.824971
0.796724
0.711185
0.613998
0.868720
0.880275
0.957432
0.988341
1.03107
1.02676
0.899007
0.868462
0.725169
0.738477
0.674348
0.781022
1.22521
1.11075
0.840081
0.881248
1.09554
1.23241
1.03558
1.04891
0.971463
1.17991
1.06326
0.934294
1.04019
0.875064
0.892869
0.902464
0.812740
0.739320
0.703834
0.799100
1.71010
1.25676
1.13521
1.01400
0.877979
0.868570
1.10523
1.20889
1.01951
1.26451
1.03530
1.11332
1.32336
1.21581
0.991042
0.903668
0.818276
0.896898
0.685431
0.669125
0.903452
0.712740
0.991638
0.929138
1.03682
1.52814
0.800398
0.823135
1.17642
1.10599
1.01215
1.00055
1.11723
1.07985
1.00477
0.926595
0.951013
0.901735
1.01514
0.708481
0.722075
0.712574
0.713125
0.873740
1.06328
1.03913
1.08498
0.844155
0.854650
0.983419
0.875529
0.849333
0.883120
0.981328
1.08139
0.917277
0.905188
0.695743
0.680950
0.641724
0.680208
0.765589
0.822048
1.27603
1.31276
0.870969
0.907922
1.11353
1.08564
0.899286
0.904202
0.812850
0.787113
1.04669
1.06427
0.954445
1.14313
0.744592
0.690665
0.618043
0.688690
0.839791
0.902484
0.858539
0.837586
1.14132
1.16668
1.10962
1.11660
0.920428
0.804575
0.922698
1.04440
0.729524
0.761711
0.960584
0.865203
0.664949
0.691709
0.802534
0.842483
1.00392
0.797009
0.901861
1.11650
1.37624
1.38983
0.905564
0.885715
0.689697
0.648913
1.02024
0.955104
0.697680
0.596987
0.743208
0.775319
0.825913
0.791086
0.671599
0.725630
1.12468
1.22873
1.14020
1.01946
0.789155
0.844326
0.634199
0.663425
0.998997
1.00335
0.800213
0.811166
0.738082
0.816445
0.798179
0.793083
0.927162
0.762977
1.07844
1.14614
1.01135
1.02086
0.800028
0.798822
0.882313
1.03386
0.684049
0.761918
0.848703
0.764515
1.09424
1.28744
1.01640
1.09622
0.913143
0.860014
0.854440
0.805907
0.903972
0.835326
0.649553
0.689869
1.03141
0.955680
0.691286
0.611976
0.907912
1.08322
0.990004
1.00232
0.794334
0.776952
0.745621
0.789165
1.03582
1.04197
0.886555
0.946717
1.10405
0.993805
0.882796
0.987942
0.934049
0.852277
0.792088
0.728188
0.717127
0.775681
0.777263
0.790541
1.08668
0.993402
0.749080
0.747849
0.903069
1.03813
1.39983
1.31662
0.660491
0.766185
0.784458
0.779148
0.795955
0.778544
1.18953
1.55760
0.808040
0.759336
0.780859
0.762745
1.08388
1.10143
1.26968
1.11082
0.666922
0.670122
0.851330
0.796499
0.855607
0.740162
1.51908
1.12494
0.783607
0.779961
0.887242
0.895186
1.03067
1.09265
0.852813
0.911254
1.22715
1.14203
0.734765
0.758376
0.791940
0.726474
0.861230
0.811958
0.767636
0.773390
0.904878
1.11693
1.29926
1.03415
1.17482
1.11366
1.02920
1.08690
0.845533
0.779479
0.793774
0.890973
0.880050
1.22671
0.747568
0.788262
0.859970
0.738132
0.779178
0.800023
1.10996
1.06482
0.810927
0.913053
1.10201
0.995286
0.797922
0.787363
1.23093
0.831950
0.999093
0.910392
0.784861
0.814757
0.720530
0.830064
0.696711
0.697838
0.899624
0.753801
0.973858
1.03833
0.952609
0.814806
1.01625
1.07093
0.878283
0.894556
0.937597
0.690994
1.05838
1.01940
0.915708
0.943303
0.747770
0.712693
0.906977
0.932425
0.693540
0.715941
0.943914
1.02870
1.00405
1.02662
1.02394
0.958255
0.958080
1.13085
0.906240
1.13859
0.991438
0.995850
0.910578
0.982743
0.863646
0.908937
0.854424
0.919166
0.884605
0.840886
0.699133
0.714614
1.24285
1.19255
0.910467
0.898224
0.811908
0.816398
0.828587
0.832456
0.859175
0.857377
0.971545
1.12300
0.814287
0.802539
1.05267
0.822599
0.941123
0.913365
0.714993
0.763986
0.835650
0.850481
0.799242
0.839350
0.996531
1.09848
0.898005
0.916793
0.785737
0.696053
1.12960
1.11902
1.91818
1.70932
0.722575
0.806774
0.796987
0.892339
0.763000
0.698762
0.831581
0.925093
0.988708
0.962560
0.835274
0.819738
0.966009
0.965311
0.859183
0.884389
0.907589
0.803923
0.825974
0.786164
0.818662
0.743710
0.732598
0.847510
0.961987
0.883396
0.958564
1.09734
0.921671
0.807019
0.789933
0.900468
0.676619
0.679160
0.996428
0.974758
0.744236
0.839892
0.688255
0.741917
0.798352
0.657251
0.913360
1.01316
0.793893
0.797839
0.753372
0.731475
1.10397
1.06944
1.00699
0.963349
0.722695
0.781880
0.864533
0.753248
0.768628
0.743230
0.796493
0.858679
0.890117
0.863049
1.15702
1.22154
0.957157
0.890215
0.844800
0.924223
0.861115
0.769037
0.790838
0.718650
1.02686
1.02798
0.756368
0.731320
0.916625
0.892217
0.766780
0.764068
0.809573
0.815548
0.835101
0.700538
0.825004
0.823956
1.00098
1.09730
1.14880
1.33864
0.836923
0.867678
0.705968
0.764043
0.797235
0.739379
0.923391
0.798836
0.938477
0.801367
0.801274
0.848076
0.816323
0.854771
0.900052
1.01372
0.831591
0.750340
0.902484
0.812272
0.904619
1.00172
1.16951
1.18050
0.894938
0.836203
0.738400
0.730577
0.716819
0.726314
0.916398
0.652538
0.781207
0.744070
0.961697
0.957670
0.710131
0.803295
0.823492
0.917785
0.903457
0.813446
0.767149
0.770116
0.892054
0.885014
1.11257
1.16148
0.836483
0.954240
0.765649
0.742280
0.712717
0.818890
0.760665
0.879823
1.05596
0.941532
1.01976
0.983807
0.778418
0.799719
0.697419
0.667190
0.756368
0.740574
0.955873
0.891772
1.07909
0.863221
0.853391
1.16446
1.03544
0.859482
0.831322
0.753704
0.755678
0.790199
0.774951
0.999836
1.17127
1.02416
0.865472
1.09084
1.03867
0.699590
0.708398
0.769122
0.767647
0.919231
0.955789
0.751584
0.838018
1.20187
0.993802
0.907467
0.914613
0.894666
0.921253
0.758198
0.778871
0.793176
0.910910
1.18898
1.29538
1.11096
1.15357
0.696848
0.664168
0.748071
0.797305
1.40293
1.20707
0.857877
0.901888
1.20948
1.32775
0.808613
0.746800
0.871730
0.834086
0.922416
0.991831
0.848738
0.807720
0.847369
1.01933
0.845994
0.880204
0.824779
0.843261
1.08797
0.770361
0.673727
0.848204
0.907748
0.925428
1.09092
0.991308
0.922727
0.740671
0.832822
0.990471
0.951921
0.823301
0.781156
0.825544
0.813462
1.01668
0.786503
0.795035
0.782145
0.793041
0.764624
1.13511
0.676973
0.652672
1.07561
0.962993
0.963213
0.967009
0.883549
0.906982
0.805169
0.731708
0.852808
0.818423
0.943565
1.03281
0.709326
0.716819
0.892251
0.950616
0.752078
0.754563
1.06641
1.02416
0.651734
0.714080
0.757307
0.835568
1.00172
1.13960
0.939853
1.01705
0.837359
0.879227
0.861731
0.830172
0.931394
0.934036
0.775613
0.731996
0.737643
0.687439
1.20802
1.17654
0.864103
0.891405
0.558331
0.638530
0.960534
0.915809
0.850187
0.862205
0.789442
0.743880
1.06822
1.11221
0.785863
0.829799
0.879889
0.953286
0.851164
0.901560
0.820739
1.01570
0.751787
0.711111
1.00187
1.10522
0.928652
0.884126
1.54423
1.54275
1.63020
1.50123
1.01150
1.03949
0.541995
0.802180
0.840123
0.645559
0.638990
0.812067
0.804530
0.898786
0.864652
0.655300
0.674972
0.946474
1.18528
0.848276
0.839336
1.15275
1.09178
1.31752
1.33099
1.16681
1.10258
1.01615
0.919766
0.658303
0.645052
1.60629
1.53803
1.52751
1.58213
1.53006
1.51040
1.25491
1.30233
0.615457
0.591172
0.951868
0.980646
0.774895
0.872557
1.03664
0.893328
0.649018
0.630062
1.02670
1.08324
1.12305
1.18235
1.15395
1.02675
1.09505
1.12307
1.05882
0.917539
0.679661
0.703882
1.18246
0.984459
0.563884
0.641401
0.875646
0.833094
0.955892
1.06248
0.654164
0.692022
1.10526
1.26840
1.39548
1.24179
1.07437
0.979282
1.09271
1.11604
0.900179
0.853774
0.688682
0.695806
1.45013
1.34325
1.05956
1.20776
1.05029
0.899784
0.740560
0.623617
1.06905
1.14760
0.894276
0.892780
0.668298
0.612538
1.20108
1.21902
1.16199
1.16729
1.32601
1.34469
1.18944
1.26553
0.916559
1.01651
0.774334
0.710959
1.46348
1.52261
1.57490
1.18415
0.987784
1.00275
0.563670
0.642235
1.17947
1.18110
0.630965
0.669555
0.799738
0.860772
1.20846
1.12330
1.08238
1.18702
1.15975
1.10953
1.27078
1.10853
0.863862
1.01417
1.52487
1.02920
1.04493
0.694205
0.718436
1.10238
0.861699
0.675836
0.661037
0.977502
1.18592
1.07436
1.27342
0.638022
0.677607
0.922205
1.02043
0.897550
0.850153
1.44812
1.13443
1.08024
0.957726
1.11706
1.48970
1.40315
1.19074
1.23438
0.722876
0.776595
0.974967
1.09923
0.708051
0.829076
1.01988
1.05318
0.692985
0.758047
1.22875
1.29928
0.907693
0.859101
0.806486
0.857532
1.55543
1.53621
1.07712
1.05039
1.16962
1.00303
0.866186
0.827365
1.14473
1.01931
0.929963
0.736328
0.744833
0.630894
0.783018
0.756759
0.750828
0.767828
1.05431
1.12620
0.653968
0.653827
1.44912
1.08235
0.940025
0.810197
0.743280
0.974983
0.957928
1.10351
1.11423
1.14923
1.16161
0.783121
0.891804
0.816186
0.908061
0.733299
0.693461
1.27671
1.06989
1.11767
1.06147
0.912817
1.01403
0.976314
1.04466
0.897560
0.713287
0.802253
1.10421
1.12559
0.650418
0.688018
1.15038
1.12982
0.653276
0.684564
0.763083
0.762470
0.958744
0.885402
1.22065
0.995711
0.942887
0.918920
0.838512
0.559246
0.555648
1.01086
1.08793
0.724929
0.737200
1.18199
1.10212
0.659135
0.738768
1.20133
1.11755
0.695212
0.778463
0.707268
0.745420
0.882940
0.790163
1.36535
0.936081
1.02908
0.804561
0.893808
0.535876
0.531836
1.14730
1.15282
1.21818
1.11634
0.682475
0.668985
0.889584
1.20258
1.03778
1.21777
0.688402
0.736112
0.732887
0.779385
0.839620
0.880572
1.01562
0.925314
0.991924
1.01426
0.553986
0.590747
1.15108
1.23456
0.668171
0.706682
0.826710
0.797401
0.751527
0.670297
1.29783
1.14703
0.764643
0.660482
0.694022
0.768302
0.944904
1.06321
1.42592
0.994162
1.12346
1.09142
0.881975
0.594837
0.571437
1.30898
1.31590
0.727793
0.701319
0.850889
0.879783
0.682105
0.696736
1.09619
0.999753
0.642257
0.604708
0.812655
0.735111
0.813892
0.878707
0.585234
0.597903
1.58735
1.31128
1.26249
0.856850
0.820053
1.14775
1.31273
0.715275
0.696315
1.03685
1.01550
0.804385
0.804934
0.727568
0.794361
0.669248
0.717714
0.873847
0.776874
1.48281
1.19138
1.09755
0.596002
0.606485
0.826953
0.899914
1.26616
1.28842
0.622935
0.628436
0.682102
0.639331
0.987983
0.924863
0.743969
0.756447
0.824288
0.757231
0.693774
0.775719
0.883683
0.864409
1.22786
1.30957
1.08740
0.949959
1.43411
1.20694
0.949935
0.855275
0.982134
1.10007
0.653166
0.683042
0.710459
0.627548
0.650716
0.905601
0.850537
0.803922
0.803413
1.05946
0.913082
0.892619
0.925514
0.859105
0.830217
0.949039
1.05576
0.666500
0.774717
0.630218
0.624806
0.791757
0.877248
1.15543
1.81308
1.07375
1.08831
0.602502
0.640757
0.992749
1.01497
0.762951
0.787135
0.850376
1.03719
1.05660
1.09524
0.726523
0.842597
0.625967
0.612227
0.999620
0.996654
1.63335
1.37989
1.18578
1.30991
1.08014
0.951081
0.762362
0.748909
0.619116
0.627223
0.868850
0.726758
0.955547
0.902328
1.13365
0.643319
0.626937
1.06130
0.877455
1.06357
0.948827
0.710337
0.771526
1.24927
1.36187
1.32906
1.28040
0.944748
1.19690
0.782780
0.768521
0.867992
0.856879
0.822908
0.700832
0.624150
0.651795
0.756795
0.664549
1.00624
0.922305
0.961969
0.973603
0.705127
0.729979
1.32024
1.23392
1.42691
1.43584
0.972927
0.994245
0.861152
0.715023
0.883011
1.01609
1.08772
1.12110
0.661104
0.626534
0.693259
0.697823
0.778961
0.806631
1.14231
1.12688
0.901062
1.01850
0.931165
0.970831
0.888848
0.834268
1.27242
1.21489
0.767883
0.696666
0.692539
0.661635
1.38955
1.29984
1.11110
1.26291
0.743888
0.806966
0.900067
0.965225
0.867188
0.994792
0.769891
0.739644
0.841102
0.934007
1.37624
1.35213
0.766748
0.656779
1.06567
1.05781
1.25544
0.966074
0.839632
0.935588
0.620864
0.668280
0.733507
0.717120
0.702532
0.712467
0.769487
0.865831
1.03335
0.988682
0.893497
0.978567
0.646806
0.664115
1.66754
1.64380
0.700960
0.736218
1.06834
1.02816
0.986898
0.975101
0.980943
0.985595
0.925557
0.768040
0.747174
1.00196
0.950079
0.712143
0.706535
0.721306
0.773194
1.09229
1.21344
0.572584
0.606315
0.740052
0.831270
1.11411
1.03658
1.29870
1.07871
0.981973
0.895379
1.59149
1.36788
0.680406
0.796218
0.999841
1.05153
0.824280
0.716159
0.773196
0.899939
0.764255
0.703454
0.910753
0.909389
0.834204
0.818250
0.984557
0.917418
1.25349
1.19432
0.912779
0.855733
0.897208
0.849400
0.778684
0.722697
0.678302
0.775613
0.918264
0.978729
0.962401
0.915543
0.905196
0.744441
1.09908
1.10001
0.879585
1.05243
1.09726
1.14069
1.14899
1.07498
0.891114
0.815336
1.09578
0.967098
0.721943
0.691106
0.807875
0.860521
0.851269
0.832899
0.697492
0.768098
0.946530
0.794122
0.867531
0.914728
0.753630
0.870666
1.32062
1.26834
1.05160
1.06178
0.843195
0.828425
0.818368
0.811140
0.689546
0.726327
0.861093
0.754379
0.891575
0.915163
1.36037
0.809106
0.675081
0.840095
0.862625
0.826916
0.998064
0.882626
0.864790
0.877340
1.04386
1.39713
1.44725
1.02742
0.900657
0.837657
0.830320
0.728352
0.727242
0.878209
0.990814
0.819316
0.816706
1.07018
1.03937
0.688623
0.646637
0.849410
0.789634
1.01082
1.00014
0.806478
0.846580
1.05242
0.801161
1.10531
1.62588
0.912656
0.921506
0.773976
0.836354
0.761821
0.805237
0.901043
0.774301
0.827345
0.721110
0.669213
0.679960
0.678896
0.674857
0.817569
0.800117
0.923636
0.903792
0.945645
1.08674
0.773732
0.832656
0.834353
0.826183
0.925452
0.916217
1.37987
1.16882
0.874730
0.797816
1.04303
1.08529
0.771055
0.858155
0.793571
1.05008
1.14942
0.965481
0.721049
0.707735
0.667156
0.672465
0.912950
0.927536
1.23222
1.26780
1.29820
1.14005
0.770593
0.796817
0.820754
0.854538
0.737145
0.737302
0.740924
0.851606
0.683264
0.661308
0.779003
0.756280
0.766254
0.955196
0.867227
1.02381
1.35005
1.11257
0.795236
0.915446
0.796244
0.795486
0.784436
0.854625
1.14663
1.08972
0.884627
0.869911
0.674748
0.772845
0.724544
0.684184
0.754435
0.899092
1.00568
1.01691
0.675138
0.684694
0.846858
0.807377
0.967283
0.966003
0.726847
0.765691
0.774598
0.889909
1.20579
1.07192
0.807437
0.781325
0.994985
1.04830
0.690476
0.649336
0.884521
0.841130
0.925034
0.708857
0.691709
0.820952
0.854295
0.953288
1.02469
0.920773
0.913847
0.858172
0.784537
0.952210
1.16600
0.911535
0.804472
1.07828
1.06900
1.00330
0.897051
0.721365
0.808504
0.855947
0.853606
1.08319
0.933389
0.824635
0.716967
0.613227
0.660114
0.886747
0.858625
1.19928
1.16575
1.38974
1.26120
0.857782
0.834633
1.02949
0.927493
1.01703
0.959466
0.781951
0.791291
0.851461
0.825166
0.853346
0.791627
0.701795
0.733056
0.903769
0.882791
1.15210
1.28950
1.11684
1.35149
0.786887
0.807456
1.00579
1.00526
1.09646
1.13053
0.783380
0.779870
0.757956
0.894011
0.850945
0.981612
0.892437
0.933320
0.649442
0.657979
0.899356
0.952756
1.30371
1.44175
1.04875
1.04961
1.00124
1.01472
0.827858
0.825037
0.886836
0.871732
0.709781
0.754255
1.23804
1.19852
0.834322
0.726951
0.596450
0.651845
1.18493
1.19081
1.13373
1.00484
1.09200
0.968010
1.04693
1.01546
0.821873
0.880536
0.820777
0.899548
0.768411
0.814508
