1.38881
1.35460
0.783791
0.822835
0.578978
0.625679
1.06811
1.03562
0.924682
0.891116
1.35456
1.37581
0.887628
1.01299
0.994399
1.01175
0.918048
0.986706
1.22050
1.21367
0.801227
0.742639
0.814597
0.900811
0.899288
1.06188
1.37908
1.42771
1.12352
1.09554
0.654607
0.640975
0.945621
0.948485
1.52496
1.50936
1.07762
0.971144
1.09345
1.25463
1.06036
1.09151
0.891739
0.992410
0.841588
0.808065
0.794443
0.757534
0.987401
1.03885
0.621417
0.592371
1.21846
1.32955
1.27498
1.15830
0.621318
0.682236
1.08289
0.864006
1.00332
0.929901
1.16239
1.07469
1.14881
0.893960
0.994728
1.25043
1.24622
0.793665
0.745506
1.33948
0.983608
0.897163
1.07405
1.12037
1.47741
1.03459
1.33573
0.595589
0.594054
0.615180
0.609690
1.11074
1.13767
1.01225
1.21004
1.13893
1.23778
1.02137
1.12979
1.20708
1.29673
1.17711
1.21152
0.792629
0.786355
1.38830
1.37794
0.918379
0.718977
1.10179
1.04640
0.594623
0.593098
1.26848
1.15114
0.610099
0.646554
1.16758
1.21974
0.940911
1.06622
0.749831
0.791238
1.33424
1.17455
1.32080
1.14256
0.726601
0.810233
1.12705
0.965433
0.590321
0.614657
1.57285
1.46387
0.706584
0.687139
1.22535
0.879911
1.07689
1.11337
1.03630
1.10711
0.817948
0.829235
1.32389
1.27251
1.03430
0.998457
0.834780
0.838991
1.02674
1.23845
0.629182
0.622299
0.675276
0.701244
1.42861
1.17740
0.980719
0.951897
1.19952
1.00954
1.17929
0.952451
1.01412
1.23410
1.18904
0.756337
0.759249
1.15439
1.20348
1.21478
1.11555
0.661287
0.620967
0.614042
0.668093
1.17390
1.08535
0.921933
0.994256
1.26764
1.31644
1.38107
1.22274
0.965324
1.08915
0.796507
0.804337
1.21571
1.35630
0.946497
1.05097
1.54541
1.03520
0.651005
0.650059
0.666197
0.667709
1.17700
0.887033
0.997681
1.03717
0.906344
1.06522
0.819488
0.837040
1.28224
1.25991
1.25555
1.03574
1.08093
1.03727
0.678958
0.640705
0.621970
0.675173
0.915831
0.827322
0.958834
0.959793
1.25786
1.21536
1.23365
1.28020
0.760437
0.801002
0.762946
0.882848
0.668271
0.583226
1.00189
0.890147
0.925407
1.09927
0.812043
0.781001
0.624228
0.608256
1.01524
1.02047
0.721320
0.688599
0.832497
0.800493
0.953971
0.870047
1.00666
1.14051
1.02065
0.982403
1.20922
1.28510
0.956088
0.973633
0.885304
0.935557
1.40333
1.49649
0.912219
0.939799
1.25504
1.27961
0.742662
0.801011
1.13363
1.20504
0.935229
1.04910
1.00038
1.00393
1.50573
1.19112
1.10751
1.04642
1.22061
1.09055
0.721129
0.780982
1.09410
1.16741
0.989111
0.943033
1.00729
0.945580
0.710666
0.749250
1.09836
1.22947
0.699995
0.797869
1.16953
1.08049
0.700188
0.859485
1.30394
1.25356
0.989931
1.09202
0.980814
1.17604
0.650704
0.703002
1.22644
1.26664
1.12754
1.11619
0.762234
0.882829
1.15910
1.25222
0.826567
0.695941
1.23017
1.28998
1.15772
1.11516
0.635869
0.670243
0.941333
0.872437
1.15903
1.24504
0.845105
0.777769
1.10675
1.11635
1.24652
1.47942
0.870233
0.860644
0.774442
0.829321
1.12866
1.14142
0.902285
1.06595
0.757876
0.790603
0.900664
0.983682
1.15352
1.16439
1.24348
1.22370
0.895368
0.851003
0.791526
0.779709
1.11861
1.05703
0.747471
0.664024
1.24804
1.29952
0.928007
0.938719
0.851701
0.773758
0.810779
0.871921
1.15432
1.15999
1.27160
1.17947
0.847201
0.967740
0.848650
0.835603
1.04855
1.16149
0.620599
0.606767
1.05824
0.874379
1.25645
1.35275
0.680451
0.700961
1.00681
1.11572
0.805872
0.844602
1.25398
1.44291
0.907641
0.899335
0.914680
0.897448
0.972299
0.848404
1.24865
1.19165
0.916181
0.782194
0.880231
1.07327
0.902470
0.887029
0.816391
0.823633
1.31107
1.29335
0.887303
0.896132
0.913111
0.846429
0.818492
0.801161
1.57845
1.16576
1.14963
0.860489
0.831909
1.21742
1.09157
0.718618
0.805948
1.03059
1.07682
1.41839
1.45330
0.706955
0.652248
0.754798
0.699732
1.21441
1.22763
1.20590
1.12847
0.943594
0.884894
0.940663
0.869535
0.750958
0.771822
0.962428
0.995606
0.998973
1.23048
1.39500
1.35944
0.673819
0.673168
1.23879
1.10307
0.737368
0.634153
0.746098
0.782198
0.890791
0.874150
0.772079
0.756085
0.871671
0.861128
0.747843
0.751289
1.21826
0.701502
0.749814
0.891646
0.902867
0.848122
1.01925
1.39937
1.34774
0.944268
1.04741
0.949100
0.813732
1.08375
1.03756
1.00605
1.12384
1.36778
1.42386
0.719286
0.876153
0.966169
0.909856
1.20773
1.14230
0.875320
0.886613
0.790216
0.873458
0.907133
0.830472
0.773310
0.790793
0.881877
0.901538
0.848084
0.802748
0.808745
0.809862
0.864319
0.917188
0.880989
0.967384
0.737742
0.734960
0.822530
0.937641
1.30063
1.28889
0.876251
0.878183
0.854123
0.803667
0.780193
0.776763
0.830328
0.850347
0.857688
0.841870
0.943837
0.912101
1.09033
0.987016
0.902090
0.935277
0.863370
0.906573
0.871926
0.821390
0.869528
0.790633
0.878368
0.968302
1.23306
1.22326
0.883762
0.980289
0.814821
0.774144
0.830219
0.935755
0.845549
0.829476
0.767242
0.791517
1.45828
1.44089
1.06836
1.09876
0.994822
0.980501
1.05084
0.949419
0.877144
0.773449
0.805301
0.712715
1.01078
0.820609
1.22728
1.26483
0.914149
0.931714
0.751586
0.793772
0.948030
0.945213
0.849844
0.749230
1.37377
1.38385
1.16903
1.02318
0.767676
0.790665
1.06030
0.834833
0.971972
0.929876
0.817256
0.843038
0.779750
0.799112
0.735048
0.752312
0.778176
0.812732
1.18854
1.20735
0.981719
1.01777
1.33255
1.30885
0.876692
0.977403
1.23342
1.28641
1.28733
1.28205
1.36922
0.967545
0.976735
0.837713
0.848806
0.854740
0.987131
1.01827
0.954496
0.739537
0.803557
0.966227
0.733249
0.699515
0.707669
0.747763
0.704382
0.805873
0.799064
1.23171
1.00363
1.01246
1.29349
1.17168
1.40099
1.44809
1.28015
1.27046
0.909453
0.914767
1.39934
1.40445
0.898283
0.926604
1.27295
1.38438
0.931566
1.14767
0.809090
0.917851
0.768507
0.744084
0.747344
0.713574
0.834177
0.803662
0.810987
0.776079
1.05265
0.873828
0.939052
1.03060
1.06566
1.43283
1.50120
1.59846
1.02504
1.34375
1.25139
1.32224
0.940779
0.885927
1.44885
1.40564
0.962276
0.994158
0.781406
0.882375
0.752268
0.780806
0.750478
0.714992
0.687817
0.740234
0.835158
0.745016
0.861228
0.847996
0.749863
0.726793
1.08928
0.952143
1.43958
1.01245
1.00675
1.13683
1.24002
0.917498
0.861270
1.34808
1.24207
0.940253
0.962687
0.992628
1.04791
0.708262
0.653448
0.750524
0.748977
0.674820
0.772910
0.791798
0.844358
0.917554
0.908587
1.13438
1.32025
1.57660
1.44046
0.749457
0.697566
0.990320
1.01337
1.41229
1.02290
1.02120
1.26817
0.855978
0.812765
0.894988
0.952850
1.30668
1.21560
1.14559
1.13959
0.847919
0.783192
0.926357
0.985611
1.00994
1.17314
0.785937
0.847003
1.09533
1.07683
1.38532
1.52281
1.04865
1.08513
0.690032
0.818068
0.809245
0.917516
0.688734
0.736994
0.835141
0.859636
1.09968
0.883165
0.870425
1.14522
1.16033
1.47819
1.49519
0.657405
0.655795
1.55408
0.966425
1.10509
1.42903
1.02805
0.966745
1.16089
0.837120
0.827834
0.967408
1.04399
0.820101
0.984956
0.900598
0.869242
0.808061
0.853059
0.752146
0.698083
1.01399
1.06817
0.672594
0.654376
0.886402
0.893905
1.42537
1.18198
1.12536
1.10580
0.849117
0.865600
1.38127
1.61051
0.983853
1.13441
1.08362
1.00892
0.785100
0.825063
1.07670
1.06324
0.845902
0.814798
0.722623
0.713115
0.836291
0.893246
1.36911
1.26770
0.805780
0.820817
1.06845
1.00063
1.44795
1.36985
0.756961
0.819881
1.02184
1.02641
1.19479
1.05388
0.806939
0.781782
1.02783
1.24249
0.952153
0.907585
0.665359
0.752367
1.33165
1.10233
0.872259
0.783607
0.797330
0.820059
1.26565
1.28426
1.00383
0.960391
1.18228
1.21816
0.846221
0.802739
0.958970
0.801611
1.08183
0.983398
0.702400
0.785167
1.20901
1.06745
0.767370
0.746597
0.964196
1.43649
0.882898
0.870886
1.44421
1.91391
1.26412
1.13754
0.853455
0.904221
0.884646
0.868573
0.796104
0.899863
0.703194
0.742442
1.09751
1.10647
1.03743
1.04482
0.741178
0.897772
0.920911
0.904437
0.942758
1.02912
1.71365
1.49847
1.20291
1.12390
0.835696
0.800528
0.891438
0.888418
0.798533
0.878028
0.701633
0.685508
1.07895
1.09302
1.05785
1.07412
1.06119
1.04313
0.762503
0.876919
0.896265
0.974844
1.47772
1.43450
1.13319
1.28106
0.826668
0.752357
0.807936
0.824623
0.944586
0.832202
1.14040
1.07895
0.705685
0.632835
0.960921
0.940092
1.08689
0.854760
0.711056
0.734328
0.957381
0.891150
1.27937
1.31169
1.22809
1.35392
0.830906
0.777583
0.844271
0.809796
0.862322
0.904939
1.22444
1.10970
0.590610
0.658008
0.918669
0.986472
1.40461
1.41789
0.989356
1.02355
1.06037
0.993817
0.664963
0.755157
1.06300
1.22748
0.806629
0.828644
0.816594
0.897859
1.26302
1.11493
1.05850
0.945984
0.736977
0.871600
0.915782
0.918420
1.45745
1.24930
0.761505
0.814900
0.813098
0.755275
0.943893
0.954753
1.15027
1.17532
0.701096
0.658277
0.966350
1.03623
1.05959
0.922303
0.953089
0.856182
0.800280
0.718542
1.29690
1.21942
1.16601
1.24960
0.812438
1.01602
0.782099
0.742296
1.05081
1.13323
0.959330
0.938436
0.652721
0.694832
0.879914
1.03145
1.17607
1.16732
0.958617
1.05066
0.764574
0.703325
1.34481
1.41718
1.27028
1.18938
0.926348
0.848946
0.745910
0.739344
1.21005
1.22887
0.944571
1.05025
0.675832
0.621587
0.965860
0.901503
1.08369
1.30159
0.912509
1.03597
1.39281
1.35250
0.730397
0.742583
1.34650
1.21435
0.880844
0.855867
0.732062
0.832522
1.28455
1.12247
0.987911
1.12481
0.961619
0.882672
0.579733
0.634768
1.25839
1.43993
1.39599
1.63244
0.665684
0.683325
0.891450
0.894040
1.45340
1.27527
0.961547
0.887477
0.733174
0.799454
1.17421
1.10412
1.17826
0.943295
0.582219
0.637627
1.11202
1.20037
1.25713
1.46630
1.87427
1.85719
0.664016
0.632445
0.931012
0.909830
1.19939
1.27225
0.932558
0.886528
0.860974
0.868158
1.16214
1.24534
1.09776
0.997846
1.22181
1.27075
0.592503
0.666745
1.18176
1.14174
1.91079
1.97712
1.29261
1.41853
0.865788
0.931650
0.944825
1.14370
1.23004
1.06416
0.850942
1.10859
0.876414
1.03844
0.623892
0.650347
1.21214
1.22059
1.15041
1.24574
1.03837
1.07505
1.20528
1.24885
0.664469
0.662232
0.961001
1.00979
0.877784
1.05685
1.10828
1.17786
0.992521
0.811457
0.890383
1.09471
0.669194
0.678072
1.30519
1.21267
1.06552
1.08137
0.966835
1.03816
1.17531
1.31157
0.653244
0.645676
1.07389
1.11240
1.32887
1.42059
1.10037
1.07667
1.13942
1.34549
1.32398
1.29447
1.05518
1.18686
0.846326
0.914690
0.718613
0.696322
1.17221
1.05973
0.804397
0.853917
0.844028
0.867795
1.03946
1.02147
0.965221
0.850970
1.16067
1.29993
1.22417
1.46712
1.17975
1.13475
0.823168
0.791336
0.733375
0.725561
0.931448
0.804606
0.771708
0.872402
0.727793
0.844562
0.925315
0.976540
1.33085
1.35281
1.08523
1.07220
0.605155
0.644540
0.764491
0.775822
1.05472
1.03315
0.786175
0.865978
0.758480
0.775785
0.923471
0.820068
0.858638
1.00533
1.03377
1.00194
0.684465
0.689505
1.30555
1.32878
1.10651
1.11546
0.788379
0.764790
1.06868
1.04797
0.861586
0.862695
0.888291
0.893285
0.947638
0.900390
1.08885
0.951804
1.01890
1.28704
0.588772
0.649952
1.45803
1.04448
1.12195
1.08785
0.710496
0.697973
0.904842
0.891133
0.807256
0.856907
1.28665
1.26375
0.793025
0.889318
0.935512
0.884825
0.988452
1.12098
0.892825
0.846528
0.899487
0.869368
1.34193
1.43640
1.20877
0.834181
0.848736
0.890041
0.965112
0.978140
0.855178
0.833196
0.872712
0.797727
1.34837
1.35747
1.19421
0.881475
0.643162
0.690745
1.03495
0.975100
1.37058
1.32793
0.693149
0.719738
1.14925
1.24344
0.626532
0.594088
0.824702
0.825289
1.26046
1.34290
0.771221
0.923234
0.927747
0.861176
0.781635
0.711970
1.21602
1.00864
0.893587
0.881844
0.677843
0.664624
0.916383
1.05041
1.41899
1.46490
0.615973
0.576367
1.56098
1.45939
1.49519
1.00489
0.913649
0.560075
0.648052
0.998702
0.980555
0.932565
0.910213
1.05624
1.00396
0.886132
0.915681
0.694665
0.688235
0.596947
0.582865
1.52215
1.27254
1.74274
1.36228
1.25174
0.733421
0.740281
0.614320
0.639504
1.26410
1.23300
0.845893
0.985838
1.05755
0.989463
0.724294
0.691728
0.586161
0.551503
1.15502
1.32824
1.02221
1.23185
1.24750
1.19102
0.887076
0.864091
0.946045
1.02534
0.973456
0.943117
0.674152
0.754022
0.977673
1.00099
0.594423
0.564749
1.14141
1.37107
1.39683
1.16818
0.861332
0.800532
0.656227
0.633505
1.02916
0.940550
0.903214
0.874491
0.705493
0.736014
0.944646
0.997865
0.571149
0.581993
1.20983
1.07328
1.24519
1.45445
1.03619
0.970392
0.817645
0.804983
1.21895
1.41761
0.624871
0.610198
0.972823
0.940787
0.936580
0.852187
0.717623
0.707291
0.963623
0.977379
0.600583
0.714327
1.15602
1.11063
1.30112
1.22068
0.821266
0.784189
1.20171
1.67893
0.623601
0.633865
0.899344
0.930643
0.920602
1.01249
0.669296
0.668473
1.07510
1.05079
0.719744
0.685380
1.61400
1.12891
1.05844
0.723462
0.786837
1.17181
1.31735
1.90198
1.38408
1.01498
0.604246
0.543212
0.923056
0.984473
1.03956
1.00122
1.57444
1.18501
0.926270
0.863594
1.01030
0.900071
0.812387
1.27656
1.23656
0.823650
0.908698
0.602986
0.616904
0.977988
0.934660
0.896595
0.839676
1.04383
1.12226
1.46431
1.44458
0.865386
0.893716
0.702863
0.775262
1.10231
1.05560
0.674606
0.718920
1.49430
1.13734
1.03825
0.731953
0.708643
1.22384
1.44705
1.75959
1.03624
0.923863
0.566877
0.613104
0.760311
0.817157
1.21280
1.11322
0.911761
1.00189
0.646934
0.568735
0.767634
0.747226
1.69514
1.19141
1.20597
1.28495
1.21516
0.973032
0.932499
0.691211
0.758033
0.787702
0.772025
0.941335
0.853426
0.951500
0.994660
0.589794
0.566106
0.788137
0.761227
1.02452
1.13448
1.14920
1.14380
0.971014
0.963494
0.790040
0.760796
0.724484
0.689373
0.994343
0.922009
0.904477
0.906665
0.869363
0.904386
0.923471
0.868342
1.35332
1.35449
0.923406
0.835276
1.35817
1.10039
1.03591
0.626893
0.661854
0.857853
0.808407
0.889772
0.950209
1.03469
1.18375
0.867823
0.860240
1.39391
1.41250
0.806575
0.826824
1.09050
1.02906
0.926396
0.866804
1.33744
1.37486
0.993173
1.01728
1.41583
0.997832
0.979947
0.924677
1.06453
0.820872
0.851216
1.14281
0.888354
0.945494
0.997411
1.41898
1.30428
0.872480
0.834087
1.14017
1.02289
0.942779
0.888856
0.784354
0.757994
1.43921
1.22952
1.06435
0.939753
1.00379
0.602872
0.642345
0.843300
0.856495
0.974260
0.889003
1.04029
1.07752
1.45249
1.38219
0.983666
1.05178
1.00051
0.979223
0.828734
0.797380
1.30729
1.34256
0.924839
0.830491
1.45042
0.930490
1.01898
1.01404
0.946823
0.777811
0.740000
0.779628
0.990612
0.807191
0.854404
1.50799
1.37893
0.999941
1.13634
1.17952
1.07377
0.917645
0.942888
0.798128
0.830979
1.37891
1.39366
0.953905
0.834655
