0.790412
0.756379
0.565581
0.558194
0.681340
0.717725
1.36899
1.36237
0.826899
0.830499
0.886900
0.848754
0.611921
0.654606
1.04229
0.923182
0.876833
0.989409
0.910112
0.981003
0.969913
0.889958
0.878270
0.805999
0.629829
0.649987
0.803962
0.749357
0.845014
0.915361
0.738486
0.728646
0.875431
0.822125
0.495124
0.539929
0.707193
0.739760
0.691451
0.675445
0.883237
0.834217
1.31136
1.09538
0.791314
0.800889
0.856200
0.629848
0.640012
0.784125
0.819360
0.837757
0.818329
0.832140
0.934093
0.629552
0.673427
0.846004
0.710855
1.22307
1.00753
0.660953
0.693334
1.00960
0.878520
0.478325
0.496474
1.27316
1.08011
0.893852
0.974675
0.559806
0.517982
0.696860
0.653567
0.744592
0.715341
0.717892
0.719816
0.707986
0.711251
0.863046
0.847908
0.651938
0.695253
0.886705
0.914993
0.467784
0.486847
1.04785
1.61431
0.900724
0.865965
1.07647
1.03506
0.643591
0.536413
0.775540
0.791288
0.640200
0.659657
0.725202
0.782814
0.700742
0.616311
0.836974
0.808041
0.835122
0.890286
0.870333
0.774362
0.483251
0.623159
1.48697
1.18451
1.13622
1.07303
0.486567
0.502140
0.842591
0.984132
0.772004
0.721536
0.860578
0.745078
0.695371
0.648406
0.923603
0.922383
0.865427
0.920325
0.876577
0.926091
0.743027
0.744154
0.656037
0.555052
1.05573
1.07214
1.11137
1.23358
0.621728
0.496133
0.869074
0.814736
0.616802
0.621565
0.662783
0.720799
0.741495
0.735902
0.758389
0.853999
0.870280
0.940674
0.822541
1.01122
0.486661
0.487499
1.12282
1.08237
0.772446
0.875623
0.755913
0.700304
0.610623
0.627628
0.804972
0.801885
0.678138
0.652784
0.859435
0.901271
0.889505
0.947950
0.969717
0.892640
1.00243
1.11685
1.06426
1.05765
0.471836
0.474692
0.726081
0.676811
0.846933
0.965350
0.658799
0.624766
0.973943
0.835687
0.996334
0.966352
0.671445
0.633812
0.847421
1.05819
0.592422
0.687588
1.05022
1.15800
0.571416
0.544786
0.692191
0.737182
0.821939
0.789706
0.661548
0.688460
0.782357
0.939930
0.743717
0.715880
0.634146
0.658173
0.787364
0.844679
0.786658
0.771459
0.544467
0.477439
0.842423
0.919147
0.527955
0.564820
0.712730
0.635466
1.30970
1.29956
0.855026
0.817669
0.770900
0.783585
0.782373
0.793307
0.774288
0.730605
0.839188
0.887251
0.786255
0.670607
0.592005
0.575294
0.780042
0.756756
0.805253
0.808245
1.05711
0.905469
1.02017
0.535540
0.550588
0.761887
0.655726
0.755065
0.831088
0.659835
0.606192
0.619479
0.624794
0.925307
0.978589
0.819747
0.905466
1.17821
0.998364
0.889825
0.617193
0.602940
0.724095
0.764787
0.710240
0.745129
0.609052
0.641053
0.607931
1.24808
1.01552
0.946224
0.933573
1.15747
1.09308
0.953637
1.00791
0.539049
0.592572
0.913145
0.743367
0.727418
0.736491
0.833362
0.869299
0.916985
0.977536
0.880500
0.826478
0.864505
0.479415
0.444049
0.598849
0.624871
1.01916
1.01673
0.920532
0.984469
1.22036
1.05711
1.06477
0.865243
0.613114
0.616230
0.857021
0.802828
0.933535
0.764567
0.959104
0.916593
1.00746
0.865288
0.870859
0.842361
0.808055
0.473799
0.453689
0.587309
0.560240
0.634593
0.564531
0.961736
0.863121
0.908207
0.808852
1.02770
0.939963
0.882080
0.960951
0.622919
0.637799
0.905445
0.848744
0.777055
0.762360
0.689458
0.770835
0.449355
0.476519
0.810753
0.848252
0.784037
0.795421
0.565428
0.545345
0.905891
0.988212
0.720111
0.721781
0.942159
0.934819
0.551858
0.590739
0.786549
0.787402
0.912086
0.972856
0.544122
0.535201
0.949473
0.837839
0.823181
0.832192
0.720486
0.669580
0.501414
0.463660
0.973085
0.882171
0.770456
0.757266
0.532364
0.524380
0.848452
0.791768
0.571653
0.582684
0.900252
1.05499
0.629530
0.674633
0.723910
0.699162
0.997867
0.923571
0.542203
0.593441
0.858199
0.919785
0.835619
0.875070
0.701017
0.779455
0.466165
0.462003
0.886685
0.933876
0.922662
0.772625
0.499979
0.507042
0.723989
0.828933
0.537193
0.526723
0.934194
0.993770
0.655729
0.657118
0.902083
0.850068
0.873414
0.843243
0.868422
0.857705
0.642300
0.521939
0.946536
0.927779
0.822772
0.773036
0.516802
0.491965
0.500302
0.524103
0.985408
0.948458
0.825306
0.857026
0.779128
0.838611
0.583358
0.581541
0.955044
1.12273
0.883353
0.856915
0.958755
0.831070
0.863757
0.843855
0.655745
0.725978
0.591437
0.516554
0.833507
0.699956
0.541587
0.533614
0.762522
0.908291
1.28279
1.59362
0.656378
0.688123
0.702494
0.743768
0.641262
0.604636
1.02242
0.944942
0.818263
0.727075
0.867168
0.972992
0.882483
1.14344
0.875846
0.909130
0.646358
0.635344
0.899351
0.941005
0.715761
0.827541
0.522113
0.528908
0.856872
0.840172
0.805817
0.863137
0.529938
0.525221
0.751638
0.768128
0.545180
0.540643
0.979533
0.829317
0.876678
0.812398
1.02261
0.852211
0.662066
0.702006
0.894890
0.956397
0.560143
0.555001
0.971209
0.972723
0.726164
0.728246
0.521465
0.522753
0.533214
0.523689
0.789013
0.830532
0.940007
1.01685
0.701248
0.888196
1.29558
1.14447
1.33846
1.06281
1.13995
0.909049
1.04350
1.01886
1.12143
0.769552
0.791587
0.465792
0.484631
0.670474
0.626269
0.926593
0.821959
0.546789
0.588298
0.925914
0.870044
0.879875
0.872333
0.854304
0.764653
0.652730
0.576747
1.00323
0.971424
0.741878
0.807151
0.547457
0.554056
1.11957
1.07991
0.793045
0.723870
0.709659
0.797976
0.940740
0.732276
1.38067
1.32298
1.39571
1.63722
1.17505
1.03816
1.04118
0.967725
1.07247
1.02202
0.754123
0.747312
0.559744
0.541500
0.610404
0.631385
0.765519
0.740053
1.20214
1.24432
0.796914
0.755938
0.804502
0.772322
0.667210
0.754918
1.04196
1.04821
1.35239
1.44789
1.02920
0.900320
1.08949
0.963940
0.725226
0.810146
0.523846
0.543037
0.622840
0.613161
0.657241
0.701647
1.11144
1.10269
0.844136
0.679217
0.773909
0.785090
1.03074
0.935508
0.626847
0.649447
1.71052
1.36047
0.947665
0.904079
1.10669
1.05141
0.698234
0.667109
0.542114
0.547957
0.593559
0.587748
0.695928
0.639264
1.19090
0.691424
0.695270
0.875897
0.858258
0.988251
1.03263
0.540371
0.603161
0.910664
0.855392
1.14577
0.943404
1.63545
1.66392
0.723990
0.731286
0.545461
0.652671
0.569351
0.594389
0.731427
0.664512
1.18729
0.671813
0.693321
1.02583
1.00440
0.890793
0.863208
0.952090
0.956867
0.849877
0.967509
1.07467
0.690859
0.698379
0.687001
1.40408
1.67921
0.652755
0.543566
0.578817
0.595638
0.680184
0.735044
1.17703
0.682309
0.713257
0.883633
0.931157
1.14201
1.00732
1.33215
0.884603
0.912759
0.905622
0.922600
1.04834
1.09983
0.879554
0.630981
0.665083
1.08476
1.57925
1.45637
0.782135
0.741571
1.21911
0.669097
0.724851
0.953422
0.991764
1.00050
0.922940
0.890819
0.893331
1.06205
0.960780
0.952494
0.917857
1.18265
0.925629
0.937610
0.681860
0.670408
1.13916
1.14053
1.67967
1.21016
0.546612
0.567107
0.583224
0.587451
0.828178
0.825274
0.919568
1.18769
1.15362
0.665094
0.703967
1.01084
0.946079
0.982608
0.899626
0.983629
1.16963
1.22073
0.901520
0.919735
0.760855
0.787284
1.28096
0.641872
0.605845
0.602219
0.554270
1.23037
1.34271
0.782194
1.07395
1.15006
1.31502
0.939896
0.964011
0.667757
0.748332
1.13625
1.16181
0.867364
0.882576
0.958021
0.970774
0.728322
0.725345
1.18265
1.19603
0.826663
0.906690
0.521032
0.580300
0.786211
0.839778
0.845460
0.934037
0.597550
0.568741
1.02728
1.04030
0.969902
0.850642
0.892593
0.939573
0.540750
0.587402
0.876090
0.745953
0.674088
0.572877
0.580539
0.579170
0.557206
0.566371
0.589370
1.26708
1.11900
0.769555
0.853843
1.14651
1.09404
0.845276
0.844639
1.28615
0.730160
0.813335
1.17121
1.11866
0.962700
0.913089
1.34525
0.920650
0.912352
0.733285
0.732649
0.649212
0.611430
0.625760
0.622919
1.52103
1.22803
0.773170
0.886612
0.663388
0.722898
1.01868
1.03119
0.804645
0.757794
0.779079
0.684975
1.28863
0.791779
0.778089
1.07052
1.01695
1.28755
1.38456
1.33433
1.33485
1.46538
1.20232
1.10730
1.14838
1.02456
1.08487
0.982062
0.943964
1.10319
1.12088
1.18630
1.31551
0.810982
0.954716
1.40942
1.37466
1.05837
0.957550
1.14877
1.19820
0.681626
0.689499
0.809064
0.776426
0.715214
0.590857
0.928697
0.891542
0.762069
0.665076
0.747341
0.837895
1.39908
1.35725
0.733026
0.764119
1.02594
0.959193
1.20584
0.837230
1.02804
0.961472
1.01293
1.16581
0.963328
0.873547
0.829415
0.585099
0.562302
0.719145
0.691423
0.518820
0.552531
0.608969
0.590223
0.814541
1.23552
0.814659
0.870378
1.09608
1.07596
0.788962
0.709917
0.788377
0.680865
0.987771
1.29635
1.27951
0.822651
0.821413
0.651263
0.754508
0.618511
0.633626
0.777531
0.754261
0.519495
0.580816
0.981240
0.923332
1.21127
1.16901
0.866577
0.728276
0.963444
0.951940
0.830481
0.751124
0.906896
1.03823
0.854750
0.903712
0.575805
0.573664
0.655434
0.546431
0.522949
0.650554
0.634696
0.770208
0.694485
0.656392
0.671238
0.847837
0.922232
0.979913
0.940128
1.28261
1.13160
0.774673
0.794956
0.750446
0.709866
1.02523
1.08471
1.19341
1.04151
1.16126
0.943406
1.04487
0.961808
0.691615
0.643810
0.824834
0.864456
0.590656
0.595769
0.696620
0.659321
1.00256
1.01123
0.921571
1.07066
0.589404
0.564704
0.632556
0.631477
0.548534
0.525565
0.618728
0.802715
0.846840
0.704786
0.749651
0.710023
0.704526
0.828468
0.892953
0.889853
0.696397
0.743774
1.12564
1.10471
0.729625
0.797015
1.04545
1.02285
1.12452
0.785210
1.05908
0.977357
1.05494
0.778142
0.663065
0.632939
0.695099
0.795777
0.824037
0.623927
0.746209
0.874966
0.994479
1.06208
1.05208
0.564880
0.602107
0.621685
0.610719
0.515963
0.509085
0.858191
0.727928
0.731455
0.685645
0.760432
0.715031
0.982678
0.847910
1.02968
0.638213
0.670796
0.709338
0.693681
1.07984
1.11404
1.03678
0.981071
1.33206
1.32251
1.15311
0.911276
1.10854
0.982965
0.693228
0.684065
0.675183
0.656787
0.755330
0.726324
0.681262
0.629176
0.938517
0.952958
1.06327
1.07025
0.790244
0.828320
0.566269
0.597195
0.666742
0.735128
0.759493
0.812271
0.742219
0.890131
1.02571
0.862866
0.707813
0.736017
1.11110
0.997732
1.41076
1.28351
1.37039
0.961818
0.963538
0.913235
0.729565
0.738202
0.971554
0.998101
0.891719
0.902125
0.990906
1.03339
0.665719
0.664330
0.592459
0.606612
0.729176
0.722054
0.736346
0.714655
0.863194
0.896739
0.608166
0.598549
0.957693
0.978840
0.945815
1.03979
0.848458
0.836323
1.04527
1.07030
0.939009
0.920740
0.755812
0.768637
0.702816
0.768256
0.965427
0.981319
1.48188
1.60913
1.53644
1.43239
1.05245
0.942361
1.25844
1.29105
0.901850
0.974555
0.909500
0.810163
0.697681
0.730223
0.736578
0.792704
0.701984
0.670630
0.869394
0.993085
0.603876
0.558935
0.601931
0.593013
0.729315
0.704483
0.800681
0.865242
0.984435
0.990614
1.15252
1.13933
0.932177
1.01276
0.810663
0.654602
0.859422
0.931699
0.601691
0.643408
1.09786
1.06792
1.08948
0.770446
0.643559
1.13944
1.02447
0.737132
0.704854
0.974239
1.07521
1.36988
1.29620
1.00875
0.923996
0.702495
0.725004
1.17450
1.27559
0.951671
0.959659
0.944569
0.902815
0.692490
0.700757
0.877878
0.912675
0.715692
0.730139
0.735050
0.723110
0.696568
0.660532
0.921674
0.765379
0.605215
0.648368
0.949995
0.714300
0.748882
0.845740
0.752748
1.12700
1.03823
1.46210
1.35756
1.18156
0.994152
1.01415
0.700193
0.677870
0.948530
0.851654
1.02754
1.02823
1.14220
1.11818
0.653624
0.657450
0.671717
0.653711
0.785248
0.810530
0.790300
0.707010
0.668016
0.599821
0.593660
0.622954
0.934856
0.883780
0.820666
0.802910
1.03979
1.50458
1.05909
1.15601
1.08808
1.35952
1.07281
1.14413
0.648351
0.695214
0.868135
0.902906
0.894965
1.04987
1.17140
1.03610
0.712560
0.789774
0.769182
0.680187
0.757238
0.780285
0.776794
0.787216
0.639129
0.648688
0.673395
0.659351
0.652559
0.676665
0.907526
1.80776
1.39919
1.04752
1.07998
1.39597
1.33825
0.940813
0.953289
0.701219
0.861598
0.912679
1.02338
1.25687
1.03617
0.986598
1.43819
0.696210
0.667141
0.889354
0.828236
0.645479
0.687336
0.826890
0.831149
0.610442
0.655183
0.908786
0.954455
0.538715
0.576539
1.77331
1.77476
1.08018
1.16661
1.10646
0.878312
0.908582
1.08982
0.649408
0.667898
0.969718
0.927970
1.09887
0.990227
0.678840
0.674185
0.822588
0.724503
0.673934
0.716755
1.29090
1.17469
0.865497
0.846086
0.667920
0.663784
0.742314
0.674997
0.655372
0.584652
1.73576
1.33453
1.24081
1.48548
1.32883
1.23429
0.884707
1.00030
0.681328
0.778231
1.03626
0.897814
1.11096
1.02866
0.775419
0.851444
0.782048
0.842185
0.920629
0.863301
0.645472
0.671651
1.01193
1.14269
0.773309
0.680205
1.23448
1.13566
1.26910
1.27230
1.05512
0.823082
0.920774
0.913384
0.649189
0.660973
0.876807
0.903996
1.19349
1.17928
0.742614
0.725711
0.724985
0.747947
0.661318
0.706280
0.657710
0.770238
0.803682
0.827150
1.25451
1.27346
0.649236
0.766126
1.01987
0.959465
0.936672
0.824300
1.23273
1.25864
0.951487
1.02065
0.950655
0.977394
0.646775
0.666978
0.966076
0.892427
1.43137
0.775062
0.752496
0.695276
0.761180
0.717467
0.752995
0.727317
0.642765
0.761856
0.698790
1.20109
1.28695
1.14978
1.11980
1.01299
0.861029
0.880802
1.00981
0.836685
0.891299
0.821253
0.807517
0.682965
0.666728
0.805811
0.733120
1.17164
1.10385
0.697937
0.692674
0.569560
0.587231
0.620885
0.590363
0.857577
1.09804
0.562629
0.504756
0.552228
0.555801
1.00093
0.924456
0.864743
0.878002
0.890983
1.13419
1.08078
1.05109
0.976156
0.958479
0.803052
0.689914
0.709810
0.712472
0.575211
0.602458
0.508555
0.486383
1.27204
0.874688
0.508802
0.541974
0.593038
0.585016
0.852362
0.834211
1.00349
1.08594
0.736401
1.22794
1.22945
1.16014
0.977044
0.736843
0.686251
0.605248
0.607148
0.555458
0.589988
0.845158
0.834210
0.735411
1.12678
0.691308
0.664669
0.612274
0.670583
0.593662
0.714191
0.813160
0.829569
0.997878
0.881861
1.14901
1.19666
1.23056
1.21227
0.965523
1.01647
0.671556
0.699254
0.655921
0.669079
0.956886
0.867766
0.553151
0.521769
0.617973
0.585533
0.887294
0.965863
1.71570
1.29718
0.740246
0.710258
0.773865
0.761096
0.965154
0.983970
1.14294
1.27512
1.04215
1.01533
0.951904
1.16748
1.25194
0.873154
0.809197
0.878421
0.795475
0.535409
0.549368
0.543382
0.656505
0.872071
0.910459
1.20502
1.15653
0.928845
0.942860
0.850293
0.846849
0.928937
0.882010
0.852671
0.888765
0.725476
0.793682
0.971584
0.980773
0.525279
0.586824
0.755132
0.672455
0.511360
0.553201
0.970310
0.818004
0.643164
0.661827
0.664437
0.622192
0.793768
0.763743
0.959751
0.875303
1.13470
1.06103
0.972186
1.03595
1.08141
1.05296
0.764098
0.743060
0.590273
0.631504
0.772002
0.824911
0.560622
0.564865
0.599354
1.10571
0.999789
0.726515
0.654303
0.754724
0.761292
0.741980
0.719210
1.01934
1.02532
0.791138
0.816441
0.961167
1.02022
1.11758
0.939822
0.719928
0.725575
0.808241
0.691539
0.851018
0.811071
0.779690
0.859266
1.03475
1.01789
0.874655
0.941314
0.707710
0.791515
0.838588
0.759184
0.990535
0.959112
0.775474
0.856769
1.03863
0.701165
0.674249
0.929087
0.966722
0.795727
0.811863
0.611869
0.629076
0.664431
0.576467
0.769977
0.756560
1.05355
0.925432
0.804061
0.853344
1.05337
0.882166
0.753045
0.738205
0.819374
0.742549
1.02526
0.977590
0.829937
1.02344
0.823751
0.742938
0.605552
0.633051
0.540591
0.557462
0.679242
0.707562
1.07756
0.979027
0.890789
0.950229
0.665597
0.563512
0.718855
0.646328
0.829807
0.729018
0.855238
1.00057
0.735573
0.683346
0.980722
0.981679
0.686336
0.716926
0.594998
0.642122
0.658048
0.701767
0.776710
0.800147
0.894036
0.908403
1.20227
1.08491
0.611892
0.615479
1.36518
1.33688
1.07267
0.962475
0.750580
0.532485
0.849118
0.738881
0.900742
0.956617
0.705686
0.746310
0.593287
0.597154
0.850154
0.914673
0.879703
0.865622
0.896731
1.10790
0.968521
1.18950
0.626235
0.625505
0.938234
1.04349
1.29765
1.30412
0.639398
0.676889
0.559955
0.528458
0.715917
0.736063
1.05235
0.918168
0.830361
0.855475
0.879029
0.990874
0.744190
1.00054
0.640666
0.673818
0.689395
0.669084
0.775849
0.738031
1.08245
0.905158
0.961200
0.916017
0.633084
0.754956
0.907015
0.869896
1.24998
1.15963
0.516149
0.580290
0.736758
0.665047
0.990018
1.03685
0.996579
1.00854
1.04309
1.02179
0.992081
0.749001
0.644679
0.729391
0.743428
0.797737
0.775733
0.777349
0.925429
1.07484
0.959957
0.944929
0.626271
0.660506
1.01227
0.997704
0.581584
0.567810
0.866311
0.745931
1.33694
1.09149
0.750355
0.802960
1.08279
1.09685
0.852870
0.899495
1.07463
1.16850
0.874872
0.799777
0.784452
0.852339
0.670914
0.696618
0.728598
0.762533
0.770538
0.850147
0.691507
0.920576
1.07671
0.919479
1.07697
0.930859
0.890619
0.859991
0.884245
0.789081
0.729801
0.828350
0.740101
0.713318
0.687440
0.669085
0.979763
0.877158
0.577166
0.570075
1.07539
0.917305
0.901728
0.867625
1.16055
1.24584
0.772106
0.712389
0.983666
0.975988
0.571360
0.595834
0.763106
0.816558
1.30908
1.22960
0.690954
0.684623
0.737301
0.736783
0.909162
0.804346
0.917377
0.953802
0.843419
0.791640
0.763456
0.706805
0.878362
0.654214
1.07388
1.31607
0.658280
0.690913
0.639436
0.602692
0.709784
0.747775
1.02222
1.21829
1.19719
0.938892
0.916345
0.749507
0.859776
1.06620
0.963229
0.837474
0.878155
0.652610
0.678598
0.653143
0.571246
0.840936
0.902348
1.17867
1.00089
0.718463
0.673033
0.667914
0.581298
0.836313
0.869059
0.970538
1.00380
1.14011
0.907907
0.913026
0.813904
0.750185
0.753403
0.785729
0.756714
0.932944
0.883327
0.936501
0.927921
0.627477
0.570769
0.778712
0.673396
0.791083
0.879332
1.04663
0.806538
0.876094
1.00717
0.905517
0.885625
0.894464
0.854825
0.832133
0.864154
0.818867
0.801186
0.776645
0.763611
0.644286
0.680104
0.617241
0.689606
1.14872
1.04573
0.827609
0.928076
0.568817
0.616388
0.873544
0.911817
0.860051
0.687153
0.951692
0.910378
0.879431
0.923796
0.914610
0.974517
0.872851
0.762911
0.817842
0.854150
0.695357
0.617933
0.660391
0.687746
1.04302
0.885683
0.856278
0.872088
0.621588
0.727335
0.840877
0.800293
0.635655
0.628047
1.05728
0.925718
0.978047
0.958654
0.983823
0.730052
0.818216
0.833654
0.695736
0.637225
0.732131
0.732248
0.775715
0.806163
0.755793
1.00478
0.994310
0.955010
1.00899
0.927728
0.934494
0.666888
0.704055
0.989322
0.869769
0.913599
1.01575
1.12099
0.833868
1.00495
1.05950
0.871069
0.840931
0.801200
0.964637
0.635431
0.594886
0.596891
0.562645
0.845176
0.925270
0.733265
0.875199
0.937611
0.820898
0.682813
0.757427
0.932660
0.903641
1.26539
1.27775
0.918613
0.883799
0.977913
1.09738
