0.05358525738 24.18000000
0.04085671529 24.27000000
0.03858497366 24.25000000
0.03952904791 24.27000000
0.04228746891 24.27000000
0.05170787871 24.24000000
0.03774611279 24.27000000
0.03092513792 24.29000000
0.04202855751 24.29000000
0.04147103429 24.29000000
0.04098758847 24.29000000
0.05676822364 24.25000000
0.05624039471 24.24000000
0.05907003582 24.27000000
0.06498368084 24.25000000
0.08216600865 24.24000000
0.03604721650 24.27000000
0.03531306982 24.27000000
0.03753772378 24.27000000
0.03054491617 24.27000000
0.03127921745 24.28000000
0.03047203831 24.31000000
0.03217957914 24.27000000
0.03504470363 24.27000000
0.03563410044 24.27000000
0.03475671634 24.27000000
0.03877778724 24.28000000
0.04395146668 24.26000000
0.04396809265 24.28000000
0.05814626068 24.19000000
0.05833572894 24.18000000
0.05713951960 24.19000000
0.03215863928 24.28000000
0.06939024478 24.17000000
0.04489823803 24.29000000
0.06120238826 24.25000000
0.05697194859 24.24000000
0.04702286795 24.29000000
0.02619110979 24.28000000
0.06252012402 24.22000000
0.05101666227 24.17000000
0.05377251655 24.24000000
0.03445411846 24.23000000
0.05959389731 24.24000000
0.06541315466 24.24000000
0.05594532937 24.24000000
0.04349699989 24.24000000
0.05720321089 24.22000000
0.07270401716 24.25000000
0.05115736276 24.24000000
0.02678660490 24.28000000
0.06608145684 24.24000000
0.03253968805 24.30000000
0.04085488990 24.18000000
0.06214719266 24.25000000
0.02723850682 24.28000000
0.06897323579 24.21000000
0.06317932904 24.24000000
0.05431232229 24.24000000
0.06897613406 24.23000000
0.05933845788 24.23000000
0.07339272648 24.22000000
0.05334729701 24.25000000
0.04168020934 24.29000000
0.03087809496 24.27000000
0.04185939208 24.28000000
0.03078543767 24.29000000
0.04817763716 24.25000000
0.04180132225 24.29000000
0.06695376337 24.24000000
0.06409041584 24.24000000
0.03824279085 24.18000000
0.05214447901 24.25000000
0.03883653134 24.27000000
0.04254709557 24.27000000
0.05700722709 24.25000000
0.03172364831 24.26000000
0.05008247122 24.28000000
0.04578090459 24.24000000
0.03564822674 24.17000000
0.04718039185 24.20000000
0.03714803234 24.30000000
0.03530333564 24.17000000
0.03525074571 24.17000000
0.04174415395 24.29000000
0.03571928665 24.27000000
0.04088376835 24.29000000
0.04587345198 24.25000000
0.05253014714 24.29000000
0.05968039110 24.28000000
0.04074019566 24.21000000
0.06925357878 24.29000000
0.06439511478 24.21000000
0.04712086916 24.29000000
0.03628918901 24.23000000
0.06094833836 24.22000000
0.05244309083 24.30000000
0.05672205985 24.22000000
0.07051260769 24.22000000
0.05341679975 24.22000000
0.06143624708 24.16000000
0.05690991506 24.19000000
0.05408662558 24.22000000
0.04842291772 24.18000000
0.04710479453 24.19000000
0.05487075076 24.18000000
0.04428797960 24.20000000
0.04210376367 24.20000000
0.06965804100 24.29000000
0.04011055827 24.21000000
0.05921282992 24.20000000
0.05356729403 24.21000000
0.05713636056 24.15000000
0.03580969572 24.21000000
0.05208107829 24.16000000
0.06701049954 24.25000000
0.06453663856 24.23000000
0.06537539512 24.28000000
0.05188443139 24.24000000
0.07571121305 24.25000000
0.07612431794 24.29000000
0.03737660497 24.26000000
0.04464775696 24.24000000
0.03470499441 24.25000000
0.07171268016 24.29000000
0.04884461313 24.26000000
0.03801992908 24.25000000
0.04556735978 24.26000000
0.08020605892 24.23000000
0.06255535036 24.21000000
0.06029142439 24.29000000
0.05257348344 24.30000000
0.04907152429 24.28000000
0.05091646314 24.24000000
0.04809347540 24.25000000
0.04317123070 24.26000000
0.04749618098 24.30000000
0.06124999374 24.28000000
0.03606788814 24.30000000
0.06462074071 24.29000000
0.05834857747 24.28000000
0.04438162968 24.26000000
0.06238846108 24.29000000
0.06199533492 24.30000000
0.05927383527 24.29000000
0.04742533714 24.29000000
0.05348529667 24.23000000
0.04760295525 24.25000000
0.05692058429 24.20000000
0.05156124011 24.21000000
0.03695679829 24.25000000
0.05224796012 24.24000000
0.05652088299 24.21000000
0.05886719376 24.24000000
0.05791290849 24.28000000
0.04992283508 24.30000000
0.05420221016 24.29000000
0.05496267602 24.29000000
0.05330709741 24.24000000
0.06975668669 24.22000000
0.05012822896 24.29000000
0.05729204044 24.29000000
0.06412046403 24.23000000
0.05079503357 24.23000000
0.05941162631 24.23000000
0.04234700277 24.23000000
0.03650921211 24.22000000
0.08683001250 24.25000000
0.05450309440 24.28000000
0.04956224561 24.30000000
0.04900235683 24.24000000
0.04860916361 24.24000000
0.05349087715 24.29000000
0.06225277111 24.23000000
0.04599472135 24.23000000
0.04095035419 24.16000000
0.04652038962 24.25000000
0.04522385821 24.26000000
0.04583174363 24.26000000
0.05719442666 24.20000000
0.08495408297 24.24000000
0.03496787325 24.29000000
0.04306050763 24.20000000
0.03897615522 24.21000000
0.06126183644 24.20000000
0.06242771819 24.16000000
0.04669492319 24.24000000
0.05068757385 24.18000000
0.05934425443 24.23000000
0.04266934097 24.18000000
0.05916377530 24.22000000
0.03719004244 24.16000000
0.05155433342 24.22000000
0.04573896155 24.16000000
0.04205373302 24.24000000
0.05409857258 24.22000000
0.06218764186 24.21000000
0.04122213647 24.28000000
0.04530277103 24.28000000
0.05674980208 24.22000000
0.03608626500 24.22000000
0.04256219789 24.24000000
0.05269948021 24.20000000
0.04202525690 24.26000000
0.03274739906 24.27000000
0.05318462476 24.21000000
0.05265473947 24.21000000
0.03157502040 24.25000000
0.06075705960 24.25000000
0.03367409855 24.25000000
0.04166853428 24.26000000
0.04091691598 24.30000000
0.03566865623 24.28000000
0.05034300685 24.24000000
0.04416143149 24.26000000
0.04155813903 24.18000000
0.03796509653 24.22000000
0.05302127451 24.23000000
0.04190223664 24.23000000
0.04844735563 24.18000000
0.04340882227 24.23000000
0.05866546184 24.15000000
0.03962150216 24.23000000
0.04700063542 24.22000000
0.04701109603 24.16000000
0.04813489318 24.22000000
0.03608161584 24.17000000
0.05035043880 24.16000000
0.05259241909 24.21000000
0.06884346902 24.24000000
0.04866878688 24.16000000
0.04532013834 24.22000000
0.06376848370 24.23000000
0.04342354834 24.16000000
0.08578028530 24.21000000
0.05139446259 24.21000000
0.04659828916 24.19000000
0.05626756698 24.18000000
0.04151580110 24.18000000
0.04122155905 24.16000000
0.05965517089 24.21000000
0.03707388788 24.23000000
0.05862660334 24.24000000
0.05960401520 24.27000000
0.07410898805 24.29000000
0.04168601707 24.16000000
0.03296719864 24.24000000
0.05870810524 24.25000000
0.07251949608 24.24000000
0.06599946320 24.23000000
0.04551125690 24.26000000
0.09499599040 24.22000000
0.05336770415 24.22000000
0.05352157727 24.29000000
0.04917114973 24.25000000
0.03817982972 24.24000000
0.07236610353 24.25000000
0.04366254434 24.24000000
0.06516458094 24.22000000
0.04109271616 24.24000000
0.04752439633 24.25000000
0.04726179689 24.25000000
0.05743138865 24.24000000
0.05885388702 24.29000000
0.06842382252 24.26000000
0.03344555572 24.24000000
0.04144833609 24.25000000
0.03549772501 24.25000000
0.05574827641 24.24000000
0.06840453297 24.23000000
0.04551805183 24.25000000
0.07979170978 24.24000000
0.09763256460 24.22000000
0.05074001849 24.20000000
0.04995070770 24.24000000
0.05532428995 24.26000000
0.04905555770 24.24000000
0.05887442827 24.22000000
0.05330949649 24.28000000
0.04426921532 24.22000000
0.04720675573 24.25000000
0.04024403915 24.26000000
0.05850972608 24.26000000
0.05692175776 24.26000000
0.07168424875 24.27000000
0.04087682441 24.25000000
0.04859189317 24.24000000
0.07473959774 24.23000000
0.05039324984 24.24000000
0.08677891642 24.22000000
0.05084193125 24.23000000
0.04528022930 24.19000000
0.06363292783 24.22000000
0.06214712188 24.24000000
0.05393324792 24.27000000
0.06020833924 24.20000000
0.06755623221 24.21000000
0.05103182420 24.17000000
0.04003202170 24.16000000
0.02674023062 24.23000000
0.03441035748 24.17000000
0.05585751310 24.16000000
0.04278881103 24.16000000
0.08784887195 24.22000000
0.04680507630 24.15000000
0.03456590697 24.16000000
0.04663921148 24.23000000
0.04450669140 24.16000000
0.04266434535 24.22000000
0.03424337134 24.22000000
0.05333890766 24.26000000
0.04726055264 24.27000000
0.05066918582 24.22000000
0.04845123366 24.22000000
0.04622408003 24.24000000
0.07896485180 24.23000000
0.04231532663 24.17000000
0.04274286330 24.24000000
0.03687420860 24.23000000
0.06758068502 24.17000000
0.03425097093 24.23000000
0.06351914257 24.17000000
0.04769960791 24.23000000
0.04521682486 24.24000000
0.05097618327 24.24000000
0.03362524137 24.16000000
0.04302591085 24.21000000
0.07591434568 24.16000000
0.03173775971 24.16000000
0.06811890006 24.15000000
0.06375968456 24.17000000
0.05824656412 24.26000000
0.06332046539 24.17000000
0.04981975257 24.25000000
0.08561678976 24.25000000
0.05724567547 24.23000000
0.05066413805 24.25000000
0.04782461002 24.25000000
0.04655729234 24.25000000
0.04588261619 24.26000000
0.05375313759 24.24000000
0.05708148703 24.27000000
0.04180661961 24.27000000
0.05563083291 24.27000000
0.05022806674 24.19000000
0.03297573701 24.26000000
0.06083594263 24.24000000
0.03823266551 24.25000000
0.05560329929 24.24000000
0.04696571827 24.25000000
0.04996561259 24.25000000
0.05203896761 24.27000000
0.02339180745 24.27000000
0.05139158294 24.26000000
0.03770415857 24.28000000
0.04424440861 24.26000000
0.03895578161 24.23000000
0.04868036881 24.19000000
0.06565665454 24.22000000
0.03679106385 24.27000000
0.04965702072 24.27000000
0.04474519938 24.26000000
0.03886570409 24.27000000
0.04756681994 24.25000000
0.05512389913 24.20000000
0.04822824895 24.25000000
0.05377968401 24.25000000
0.05913015455 24.22000000
0.05120739713 24.20000000
0.02917138860 24.27000000
0.05791420117 24.25000000
0.05559946969 24.20000000
0.05523241311 24.23000000
0.05546788126 24.23000000
0.05722886324 24.22000000
0.07835064828 24.22000000
0.06523829699 24.19000000
0.04355772957 24.30000000
0.07166548073 24.18000000
0.03999942914 24.32000000
0.04842101783 24.23000000
0.05302574486 24.23000000
0.04574815929 24.23000000
0.04697082564 24.24000000
0.04474569485 24.20000000
0.03715223819 24.29000000
0.06406448781 24.23000000
0.04913637415 24.23000000
0.05157315731 24.24000000
0.04985458031 24.24000000
0.04113311321 24.20000000
0.03917258978 24.26000000
0.04350877926 24.19000000
0.04553001747 24.27000000
0.03026215173 24.26000000
0.04702647403 24.23000000
0.03135101497 24.26000000
0.05284630507 24.24000000
0.03341497481 24.30000000
0.03337210417 24.27000000
0.05914568529 24.24000000
0.03569129854 24.25000000
0.05235881358 24.22000000
0.04483087733 24.24000000
0.06234251708 24.23000000
0.03736763448 24.33000000
0.03832964972 24.25000000
0.05333388224 24.25000000
0.05135323852 24.22000000
0.03444474190 24.26000000
0.03418756649 24.25000000
0.05518766493 24.25000000
0.03105352260 24.26000000
0.06599310040 24.23000000
0.04953174293 24.22000000
0.04605598748 24.29000000
0.03301969171 24.31000000
0.05868298933 24.24000000
0.03057525679 24.26000000
0.02990071103 24.27000000
0.04663607478 24.24000000
0.05106916651 24.25000000
0.09218332171 24.31000000
0.04724778235 24.14000000
0.05201888457 24.31000000
0.06149729341 24.24000000
0.02925998718 24.27000000
0.05516702309 24.22000000
0.06983942538 24.22000000
0.04991172627 24.28000000
0.05192515254 24.27000000
0.06069025770 24.24000000
0.04341020808 24.25000000
0.06586226076 24.23000000
0.04567018151 24.25000000
0.05913716927 24.24000000
0.05290504545 24.26000000
0.03594188020 24.30000000
0.03355146945 24.30000000
0.05178427324 24.25000000
0.04182482138 24.25000000
0.05248593166 24.25000000
0.03997300938 24.19000000
0.07386740297 24.22000000
0.05261942372 24.31000000
0.03860955313 24.25000000
0.07039718330 24.18000000
0.06229130924 24.23000000
0.05793808773 24.23000000
0.04191103205 24.26000000
0.03040511906 24.18000000
0.03506619856 24.27000000
0.03486118838 24.26000000
0.03711021692 24.23000000
0.02908239327 24.19000000
0.05161803961 24.24000000
0.03333207592 24.30000000
0.03159073368 24.30000000
0.04893214256 24.25000000
0.04921169579 24.21000000
0.04005431384 24.26000000
0.04618670791 24.25000000
0.04746961594 24.24000000
0.04074679688 24.18000000
0.03173812106 24.29000000
0.05998042971 24.29000000
0.06212899834 24.24000000
0.07643144578 24.16000000
0.04368682206 24.27000000
0.04793703556 24.25000000
0.05042788386 24.24000000
0.05405528471 24.23000000
0.04305039719 24.25000000
0.03815802559 24.30000000
0.05773908645 24.25000000
0.05078506097 24.22000000
0.05985724553 24.24000000
0.04557433724 24.30000000
0.04487815127 24.25000000
0.04683437571 24.23000000
0.03944899887 24.25000000
0.04482764751 24.25000000
0.06069072708 24.20000000
0.02874446660 24.27000000
0.04013109952 24.27000000
0.05126387626 24.24000000
0.03479340300 24.23000000
0.06516934186 24.21000000
0.06581130624 24.19000000
0.02901046909 24.27000000
0.05236579850 24.23000000
0.05808332562 24.22000000
0.04508222267 24.24000000
0.05061964318 24.22000000
0.03072926775 24.23000000
0.05773909017 24.19000000
0.03528508544 24.25000000
0.02470368706 24.27000000
0.04783163965 24.29000000
0.05226026103 24.22000000
0.05042719841 24.24000000
0.09914951771 24.23000000
0.05335007608 24.23000000
0.02504587546 24.26000000
0.05187521875 24.22000000
0.03229702637 24.23000000
0.05823573470 24.26000000
0.07169686258 24.23000000
0.05618649721 24.21000000
0.05775335059 24.20000000
0.03203778341 24.25000000
0.06822733581 24.20000000
0.03002805822 24.23000000
0.04459539056 24.25000000
0.05067294464 24.26000000
0.04675874487 24.26000000
0.02863471955 24.20000000
0.05084698647 24.22000000
0.04318773374 24.27000000
0.05644059926 24.23000000
0.04691478983 24.26000000
0.05503618345 24.25000000
0.05684504285 24.25000000
0.05133167654 24.24000000
0.04998028651 24.24000000
0.03790192306 24.22000000
0.05112305284 24.26000000
0.04534802213 24.31000000
0.05382019281 24.25000000
0.05062781274 24.30000000
0.04936392605 24.19000000
0.08944769949 24.24000000
0.05590283126 24.23000000
0.04716119543 24.25000000
0.04649915546 24.24000000
0.06438790262 24.24000000
0.05748755485 24.19000000
0.06633420289 24.28000000
0.03125163540 24.26000000
0.06796577573 24.23000000
0.04383884743 24.27000000
0.05607721210 24.25000000
0.06425268948 24.23000000
0.03501725197 24.28000000
0.04419387504 24.27000000
0.04565269873 24.27000000
0.04495266452 24.31000000
0.04371315613 24.31000000
0.05701835081 24.29000000
0.04595308006 24.27000000
0.04846990108 24.29000000
0.04338966683 24.29000000
0.06806952506 24.27000000
0.05313280225 24.19000000
0.03619422764 24.27000000
0.03954227269 24.21000000
0.05118542537 24.31000000
0.04333141819 24.20000000
0.04207048565 24.26000000
0.04570713267 24.20000000
0.05215089396 24.31000000
0.04604164511 24.31000000
0.04082905501 24.20000000
0.04186726362 24.27000000
0.02958763763 24.27000000
0.04566285387 24.20000000
0.04605634138 24.24000000
0.05116630718 24.30000000
0.04363996163 24.31000000
0.03535352647 24.26000000
0.04345621541 24.30000000
0.05875788629 24.29000000
0.05881135166 24.25000000
0.05187559500 24.25000000
0.05713288486 24.28000000
0.04430263862 24.29000000
0.05076612905 24.29000000
0.04606729373 24.20000000
0.03965092078 24.29000000
0.08452927321 24.21000000
0.04566733167 24.25000000
0.06575602293 24.23000000
0.05216870829 24.24000000
0.05271500722 24.30000000
0.04503337666 24.31000000
0.04324925691 24.17000000
0.05653497949 24.30000000
0.05645508692 24.29000000
0.04465271533 24.31000000
0.05439866707 24.30000000
0.06088896841 24.29000000
0.04225389659 24.31000000
0.05245050043 24.28000000
0.05790739879 24.31000000
0.04325286299 24.31000000
0.05910414830 24.30000000
0.04145484418 24.31000000
0.04681581631 24.26000000
0.06712584198 24.29000000
0.05407641083 24.24000000
0.04346043617 24.26000000
0.05088417605 24.31000000
0.04820796847 24.31000000
0.04979958013 24.31000000
0.05932838470 24.31000000
0.05811299756 24.24000000
0.04683448747 24.26000000
0.07065986842 24.24000000
0.05722683668 24.22000000
0.04458643869 24.25000000
0.06219483539 24.21000000
0.05348938704 24.25000000
0.05481540412 24.23000000
0.05303359032 24.23000000
0.04452017695 24.24000000
0.04526496306 24.24000000
0.04602703452 24.25000000
0.07503482699 24.25000000
0.06440637261 24.27000000
0.04150244594 24.28000000
0.03474431112 24.27000000
0.04426551983 24.26000000
0.03439194709 24.28000000
0.04199456424 24.28000000
0.03677450866 24.29000000
0.03727911785 24.29000000
0.05214914680 24.28000000
