0.01950675994 24.69000000
0.02021556906 24.63000000
0.01923052780 24.64000000
0.02127452008 24.65000000
0.02388132736 24.71000000
0.02245666459 24.71000000
0.02404102497 24.69000000
0.02505955473 24.71000000
0.02609427832 24.70000000
0.02377413213 24.70000000
0.02641714364 24.70000000
0.02558945492 24.71000000
0.02033469453 24.66000000
0.02926589921 24.62000000
0.02127356641 24.66000000
0.02533605136 24.65000000
0.01978353597 24.71000000
0.02362082154 24.70000000
0.02106391452 24.71000000
0.02161791921 24.64000000
0.02229788154 24.71000000
0.02324940450 24.71000000
0.02149416320 24.71000000
0.02316087298 24.61000000
0.02721535787 24.69000000
0.02236937359 24.60000000
0.02111892216 24.63000000
0.02077096328 24.66000000
0.02037394047 24.66000000
0.02201730013 24.63000000
0.02797152847 24.64000000
0.01972006448 24.66000000
0.02266661264 24.66000000
0.02657260187 24.70000000
0.01954672486 24.71000000
0.02824510075 24.70000000
0.01984326541 24.71000000
0.02065656707 24.62000000
0.02639191225 24.69000000
0.02180632018 24.62000000
0.02196303569 24.63000000
0.02111573517 24.63000000
0.01926902495 24.66000000
0.02098500915 24.71000000
0.02008213662 24.72000000
0.02719944715 24.70000000
0.02324977890 24.62000000
0.02156874165 24.70000000
0.02758556418 24.70000000
0.02192102373 24.65000000
0.02072448097 24.71000000
0.02019048110 24.71000000
0.02100400999 24.71000000
0.02717031725 24.71000000
0.02144788206 24.72000000
0.02249470912 24.72000000
0.02679509111 24.66000000
0.02434710599 24.70000000
0.02575458214 24.65000000
0.02557583526 24.67000000
0.02308684587 24.65000000
0.02363734320 24.69000000
0.02786404081 24.71000000
0.02375909500 24.63000000
0.02456228063 24.68000000
0.02392057702 24.63000000
0.02426528186 24.71000000
0.02576651052 24.65000000
0.02842582762 24.66000000
0.02732878923 24.66000000
0.02358595841 24.67000000
0.02380696684 24.62000000
0.02716076933 24.71000000
0.02543517016 24.63000000
0.02232135274 24.71000000
0.02616355754 24.71000000
0.02661681548 24.69000000
0.02651745453 24.70000000
0.02305232175 24.65000000
0.02463920042 24.65000000
0.02072330192 24.63000000
0.02746555023 24.70000000
0.02711088583 24.71000000
0.02297184058 24.72000000
0.02508188784 24.66000000
0.02612033486 24.71000000
0.02574299462 24.71000000
0.02428892627 24.72000000
0.02469314635 24.71000000
0.01925703697 24.63000000
0.02608165331 24.71000000
0.02669608220 24.70000000
0.02817275189 24.66000000
0.02248383127 24.70000000
0.02355190180 24.63000000
0.02298718877 24.72000000
0.02237802558 24.73000000
0.02480171062 24.68000000
0.02457314543 24.62000000
0.02167788707 24.72000000
0.02594125457 24.70000000
0.02098747715 24.72000000
0.02074263804 24.72000000
0.02550571412 24.68000000
0.02244443446 24.63000000
0.02654205076 24.71000000
0.02625749260 24.69000000
0.02547343262 24.70000000
0.02550989017 24.71000000
0.02462433465 24.63000000
0.02638057247 24.65000000
0.02593637072 24.68000000
0.02525508218 24.63000000
0.02470620349 24.65000000
0.02564218827 24.66000000
0.02417486720 24.68000000
0.02412421070 24.63000000
0.02652979456 24.65000000
0.02551191486 24.66000000
0.02426944673 24.72000000
0.02164300345 24.64000000
0.02623331361 24.70000000
0.02393311448 24.61000000
0.01971588843 24.62000000
0.01959652267 24.67000000
0.02266038395 24.61000000
0.02327587456 24.69000000
0.02373180911 24.69000000
0.02194129489 24.68000000
0.02160876244 24.67000000
0.02273311280 24.67000000
0.02209658735 24.68000000
0.02123720385 24.69000000
0.02165036462 24.69000000
0.02537415363 24.66000000
0.02779000998 24.66000000
0.02234848216 24.71000000
0.02201819979 24.69000000
0.02448418550 24.66000000
0.02337623760 24.63000000
0.02604236454 24.67000000
0.02336550504 24.70000000
0.02424936183 24.66000000
0.02456536517 24.68000000
0.02650133148 24.66000000
0.02364424430 24.67000000
0.02098052949 24.67000000
0.02094851062 24.65000000
0.02055726945 24.68000000
0.02450071648 24.70000000
0.02329284325 24.69000000
0.02842617594 24.65000000
0.02407944575 24.69000000
0.02353416011 24.70000000
0.02446427569 24.66000000
0.02144838125 24.60000000
0.02504349127 24.66000000
0.02759734541 24.70000000
0.02400162444 24.64000000
0.02169621922 24.63000000
0.02204965428 24.71000000
0.02587187849 24.66000000
0.02125876397 24.71000000
0.02397095971 24.71000000
0.01962802187 24.64000000
0.02013823017 24.68000000
0.02651750110 24.70000000
0.02325465903 24.66000000
0.02457430959 24.65000000
0.02484593540 24.71000000
0.02606621571 24.67000000
0.02181626670 24.68000000
0.02329010144 24.65000000
0.02305347472 24.65000000
0.02863221057 24.65000000
0.02523771487 24.71000000
0.02882501483 24.66000000
0.02556521632 24.71000000
0.02729334496 24.66000000
0.02457585931 24.66000000
0.02753017470 24.70000000
0.02550154366 24.71000000
0.02510736324 24.66000000
0.02069435082 24.67000000
0.02988055907 24.65000000
0.01941828802 24.68000000
0.02402926609 24.68000000
0.02701026946 24.69000000
0.02292171121 24.65000000
0.02236332931 24.65000000
0.02051501535 24.67000000
0.02010839805 24.67000000
0.02296044305 24.66000000
0.02734343894 24.69000000
0.02351270057 24.70000000
0.02532552183 24.67000000
0.01965115219 24.63000000
0.01876440644 24.69000000
0.01850754768 24.63000000
0.01981601492 24.63000000
0.02039337344 24.64000000
0.02062293887 24.63000000
0.01964401267 24.66000000
0.02075363882 24.67000000
0.02241387405 24.65000000
0.02269583941 24.67000000
0.02145217918 24.69000000
0.02021471038 24.64000000
0.01708235219 24.67000000
0.02328409068 24.66000000
0.02417044714 24.65000000
0.02053150721 24.69000000
0.02080549300 24.69000000
0.02201383375 24.64000000
0.02464126050 24.64000000
0.02079915069 24.65000000
0.02060967125 24.67000000
0.02071313001 24.64000000
0.02225835808 24.64000000
0.02059957758 24.63000000
0.02133970708 24.65000000
0.02223389223 24.70000000
0.02291562594 24.70000000
0.02050288580 24.69000000
0.02004969865 24.70000000
0.02023702301 24.65000000
0.01994751580 24.68000000
0.02025374025 24.64000000
0.02122372203 24.63000000
0.02050424740 24.63000000
0.02059259266 24.68000000
0.02107869089 24.69000000
0.02130871825 24.67000000
0.02152128890 24.67000000
0.02164163254 24.69000000
0.02205380425 24.62000000
0.02371129207 24.63000000
0.02016262896 24.65000000
0.01953339577 24.64000000
0.02199905366 24.63000000
0.01801675931 24.64000000
0.01967997849 24.73000000
0.02024229802 24.65000000
0.02211160399 24.61000000
0.02031745762 24.65000000
0.02000412531 24.72000000
0.02326557599 24.64000000
0.01964855753 24.63000000
0.02120056190 24.69000000
0.02199153602 24.67000000
0.02111077122 24.64000000
0.02112983540 24.65000000
0.02017227560 24.72000000
0.02078342065 24.70000000
0.02276540361 24.66000000
0.02494786866 24.63000000
0.01969053969 24.63000000
0.02056518570 24.65000000
0.02101175860 24.66000000
0.02037669346 24.67000000
0.02179172076 24.66000000
0.02079189196 24.67000000
0.02196963876 24.67000000
0.02527250536 24.68000000
0.01913635805 24.64000000
0.01987520419 24.74000000
0.02108306438 24.66000000
0.02050204761 24.69000000
0.01893340982 24.67000000
0.02233147994 24.67000000
0.01896780171 24.66000000
0.01911382563 24.67000000
0.02240310423 24.64000000
0.02219413221 24.64000000
0.01811365224 24.72000000
0.02586885169 24.66000000
0.01892436296 24.69000000
0.02567069978 24.64000000
0.01813084446 24.65000000
0.01981925592 24.67000000
0.01934933290 24.66000000
0.01995214075 24.66000000
0.02508480847 24.66000000
0.02202991024 24.67000000
0.01798804663 24.70000000
0.01863834076 24.64000000
0.02268785238 24.66000000
0.01765230484 24.64000000
0.02181528136 24.64000000
0.01945053786 24.64000000
0.02638614923 24.62000000
0.01843838580 24.64000000
0.01838414185 24.62000000
0.01835055277 24.73000000
0.02273911797 24.73000000
0.01941191219 24.65000000
0.02296789922 24.66000000
0.01852999628 24.66000000
0.02280267142 24.65000000
0.01843901910 24.66000000
0.01762129366 24.67000000
0.01776310243 24.70000000
0.02201148495 24.62000000
0.01898205280 24.63000000
0.01924607530 24.72000000
0.01983896084 24.66000000
0.02024112642 24.67000000
0.02058045939 24.69000000
0.02411372401 24.62000000
0.02006793581 24.64000000
0.02492881566 24.63000000
0.02065762691 24.62000000
0.02331084758 24.67000000
0.02353248931 24.68000000
0.02329968102 24.63000000
0.02018562146 24.63000000
0.02085602097 24.72000000
0.01943633705 24.64000000
