0.58
0.62
0.68
0.83
0.75
0.54
0.58
0.93
0.93
0.73
0.64
0.82
0.86
0.58
0.62
0.77
0.53
0.62
0.60
0.64
0.49
0.65
0.71
0.62
0.58
0.75
0.83
0.87
0.75
0.93
0.64
0.65
0.63
0.66
0.80
0.63
0.58
0.67
0.63
0.65
0.70
0.88
0.75
0.48
0.87
0.65
0.67
0.78
0.64
0.55
0.82
0.55
0.57
0.67
0.51
0.52
0.73
0.59
0.62
0.73
0.73
0.85
0.73
0.78
0.54
0.82
0.71
0.77
0.67
0.64
0.63
0.80
0.56
0.60
0.53
0.56
0.62
0.76
0.76
0.75
0.58
0.63
0.52
0.54
0.67
0.75
0.62
0.61
0.64
0.65
0.70
0.78
0.55
0.89
0.80
0.56
0.54
0.61
0.64
0.63
0.67
0.47
0.50
0.80
0.75
0.55
0.55
0.58
0.58
0.53
0.57
0.77
0.71
0.47
0.52
0.55
0.77
0.68
0.62
0.62
0.63
0.78
0.64
0.63
0.89
0.71
0.69
0.71
0.56
0.77
0.69
0.58
0.59
0.77
0.72
0.54
0.60
0.74
0.70
0.54
0.69
0.57
0.61
0.54
0.62
0.62
0.52
0.81
0.74
0.70
0.56
0.48
0.80
0.54
0.58
0.59
0.59
0.63
0.54
0.53
0.80
0.64
0.80
0.67
0.77
0.82
0.69
0.66
0.58
0.73
0.49
0.58
0.65
0.66
0.57
0.57
0.60
0.64
0.61
0.88
0.64
0.57
0.49
0.68
0.61
0.55
0.68
0.67
0.66
0.78
0.73
0.65
0.78
0.81
0.64
0.50
0.93
0.54
0.69
0.65
0.78
0.87
0.74
0.60
0.94
0.55
0.79
0.68
0.64
0.57
0.56
0.59
0.90
0.66
0.80
0.82
0.62
0.73
0.70
0.57
0.87
0.84
0.60
0.70
0.64
0.65
0.87
0.69
0.81
0.72
0.50
0.51
0.58
0.53
0.58
0.64
0.76
0.85
0.68
0.71
0.56
0.65
0.76
0.66
0.78
0.67
0.75
0.75
0.78
0.59
0.81
0.77
0.79
0.76
0.67
0.54
0.67
0.60
0.69
0.61
0.61
0.60
0.63
0.61
0.65
0.72
0.69
0.65
0.63
0.67
0.62
0.61
0.65
0.58
0.64
0.69
0.80
0.79
0.85
0.72
0.78
0.72
0.63
0.55
0.70
0.68
0.84
0.56
0.61
0.82
0.54
0.46
0.92
0.68
0.52
0.74
0.72
0.80
0.86
0.71
0.59
0.75
0.64
0.53
0.90
0.75
0.83
0.59
0.49
0.79
0.53
0.70
0.87
0.78
0.88
0.68
0.76
0.66
