0.965891
0.855074
0.862678
0.934299
0.912912
1.20037
1.25812
1.17263
1.27166
0.972200
0.893736
0.839762
0.880935
0.836188
0.913021
0.549607
0.510157
0.598905
0.547066
0.601329
0.956124
0.879807
0.916326
0.982205
1.03923
0.624593
0.614637
0.723955
0.637649
0.640574
0.992579
1.06965
0.879456
0.888729
0.797399
0.649055
0.703426
0.653557
0.702010
0.734721
0.748799
0.842775
0.915685
0.802572
0.879625
0.829693
1.03859
1.10190
1.05989
1.14800
1.15375
1.13643
1.05826
1.32544
1.20224
0.690354
0.700033
0.669809
0.721015
0.722702
0.715574
0.705934
0.652730
0.651852
0.608744
0.790385
0.841053
0.825146
0.838968
0.849119
1.09162
0.989206
1.02007
0.993120
0.961186
0.798353
0.885406
0.986497
0.896537
0.950534
1.00443
0.861292
1.01018
0.982479
0.990802
0.832734
0.780018
0.751822
0.668790
0.703240
0.948272
0.972380
0.873866
0.881679
0.893123
0.737642
0.756421
0.830925
0.824341
0.765160
0.794910
0.759612
0.938082
0.874246
0.816901
0.636211
0.582475
0.601174
0.617549
0.613929
0.763627
0.719794
0.849371
0.768182
0.808614
0.840027
0.872012
0.942396
0.943041
0.831309
0.772766
0.746688
0.778515
0.770137
0.810349
0.694640
0.615019
0.629293
0.653533
0.636247
0.969176
1.06180
1.07602
0.928819
0.757973
1.01756
0.947963
0.924663
0.901041
0.810135
0.744211
0.724755
0.695926
0.788904
0.785851
0.645068
0.564952
0.571342
0.636569
0.578229
0.567757
0.586299
0.515697
0.580084
0.586046
0.754980
0.733545
0.835585
0.744396
0.771090
1.01906
1.15053
1.10413
1.05158
1.03022
0.805082
0.922504
0.751611
0.773193
0.756629
1.02796
1.09533
0.910078
1.01618
1.05482
0.695307
0.665489
0.734573
0.800822
0.622078
1.03821
1.07314
1.18640
1.15713
1.04091
1.04785
1.01560
1.07396
1.14729
1.01441
0.571459
0.579724
0.586582
0.548068
0.698084
0.956730
0.988827
0.972147
0.946904
0.869942
0.862863
0.754459
0.813168
0.819259
0.739875
0.869431
0.811172
0.875716
0.925076
0.882884
0.800188
0.923242
0.852666
0.918694
0.929840
0.534068
0.477286
0.445225
0.515149
0.443207
0.559570
0.549040
0.621356
0.585126
0.589973
0.900435
0.833497
0.787303
0.892372
0.850029
0.794596
0.772910
0.689803
0.675618
0.755597
0.667944
0.621478
0.640281
0.637454
0.656409
0.983642
1.00460
1.02339
1.18390
1.05897
0.706700
0.714124
0.740657
0.836869
0.866650
0.868920
0.850770
0.803451
0.763711
0.685733
1.12673
1.05344
0.948816
1.16771
1.02610
0.710556
0.665160
0.668629
0.665750
0.624721
1.11396
0.948551
0.873643
0.950058
1.01487
0.867931
0.710648
0.741789
0.813099
0.752817
1.11444
0.880056
0.995594
1.11040
0.903781
0.972522
1.02729
1.01881
1.16704
1.11560
0.721080
0.655744
0.682270
0.688808
0.692460
1.08246
1.08670
1.10290
1.04613
1.08886
0.691869
0.701533
0.674417
0.719395
0.730186
0.718065
0.790882
0.862914
1.00633
0.882292
0.862489
0.884598
0.918407
1.02698
0.757571
0.740509
0.704050
0.631166
0.681041
0.626689
0.655706
0.663608
0.591152
0.642830
0.609656
1.02523
1.07700
1.03144
1.12289
0.930673
0.695464
0.733383
0.711070
0.691580
0.640835
0.738173
0.708618
0.706059
0.749160
0.677244
0.876053
0.864801
0.838016
0.853728
0.905967
0.888677
0.822283
0.786078
0.845397
0.944408
0.940384
0.676935
0.736393
0.777827
0.830535
0.492607
0.505204
0.547869
0.535838
0.606451
0.992867
0.880012
0.982813
0.943767
0.920624
0.740681
0.662117
0.657574
0.665391
0.637153
0.787540
0.701556
0.733835
0.719903
0.725200
0.641363
0.590094
0.582414
0.607369
0.578064
0.674808
0.809743
0.827451
0.927518
0.867695
0.695755
0.679337
0.683240
0.661055
0.640909
0.748447
0.739690
0.774595
0.823615
0.795073
0.709121
0.739750
0.709567
0.752077
1.41144
1.37328
1.34161
1.31142
1.42031
0.777904
0.726382
0.720934
0.640204
0.663725
0.835085
0.802125
0.775013
0.777951
0.744434
0.840464
0.795509
0.860155
0.876082
0.921288
1.09153
1.24864
1.16965
1.18006
1.22736
1.01832
0.971272
0.910504
0.968734
1.04359
0.728201
0.714599
0.765571
0.782869
0.766596
1.12023
1.14326
1.23625
1.35876
1.11789
0.726291
0.748856
0.958765
0.799837
0.716233
0.934588
0.926030
0.840101
0.950066
1.05645
0.800791
0.639424
0.640973
0.719581
0.658014
1.01701
1.00295
0.894436
0.903603
0.926047
0.784608
0.826946
0.881133
0.849436
0.771171
0.715860
0.683639
0.702132
0.686521
0.660352
0.661044
0.693090
0.668212
0.658896
0.680593
0.878581
0.828428
0.833352
0.847206
0.838070
0.658346
0.688751
0.649885
0.686429
0.645480
0.658209
0.560258
0.612898
0.591839
0.662233
0.701062
0.637349
0.698857
0.801872
0.785876
0.849233
0.824879
0.842005
0.838491
0.879071
0.769573
0.814851
0.881505
0.891537
0.898565
0.695176
0.794339
0.887998
0.978595
0.929773
0.944605
1.15454
1.16893
1.16111
1.31455
1.25505
1.01135
1.00564
0.993014
0.961162
1.03898
0.903967
0.877899
0.938502
0.951095
1.08007
0.958943
0.767326
0.799831
0.783721
1.01812
1.02465
1.18475
1.15167
1.11510
0.939345
0.801523
0.879016
0.897501
0.898827
0.827382
0.764901
0.712357
0.733113
0.725465
0.849749
0.658295
0.662480
0.751603
0.698956
0.720287
0.710260
0.774428
0.711894
0.724378
0.969667
0.758047
0.904633
0.891270
0.905613
0.820402
0.851400
0.728043
0.753665
0.805828
0.910777
0.852051
0.843061
0.867972
0.892365
0.801163
0.879808
0.918736
0.922179
0.813281
1.08886
1.11136
1.10586
1.12394
1.32564
0.503100
0.526340
0.496888
0.551673
0.555033
0.660970
0.623164
0.609443
0.602059
0.622205
0.843671
0.784050
0.706159
0.764183
0.727333
0.755642
0.657592
0.690361
0.709944
0.753598
0.828136
1.08015
1.02960
0.838325
0.814052
0.764662
0.732820
0.809055
0.832417
1.17706
1.00438
0.966449
1.05681
1.05408
0.551879
0.575665
0.802848
0.721325
0.624890
0.704380
0.660976
0.666861
0.827738
0.763680
0.741878
0.755416
0.787555
0.750639
0.838962
0.871431
0.873579
0.905802
0.965372
0.823010
0.756022
0.746062
0.741785
0.764066
0.797452
0.951598
0.818554
0.875709
0.906482
1.10571
1.11493
0.965449
1.12096
1.09167
1.11945
0.997783
1.00121
1.07526
1.10349
0.905185
0.804095
0.772810
0.712774
0.752587
1.11583
1.17692
0.997846
0.907740
0.936558
0.984908
0.893222
0.955524
0.978013
1.03983
1.11968
1.00678
1.02337
0.885471
0.957431
0.845698
0.874549
0.771816
0.740553
0.762519
0.824241
0.728632
0.889221
0.941674
0.901958
0.992973
1.11997
0.996052
0.982894
0.874336
0.952238
0.875619
0.831143
0.903628
0.854720
0.886762
0.959442
0.886571
0.981105
1.06047
0.843907
0.850934
0.783345
0.697639
0.754425
0.800505
0.812429
0.730716
0.749373
0.854942
1.03072
1.18567
1.18502
1.14060
1.06835
1.02278
0.937505
0.963672
1.01982
1.06651
1.11689
1.23774
0.985954
1.05589
0.950943
0.952923
0.988803
1.19112
0.896342
0.916174
0.886698
0.857838
0.815671
0.743535
0.713422
0.775764
0.826019
0.746966
0.689122
0.728473
0.924056
0.892220
0.877047
0.788255
0.843559
0.824593
0.958072
0.920314
0.863942
0.953154
0.902572
0.899450
1.00145
0.973087
0.881935
0.938151
1.00476
1.03235
0.962948
0.910383
1.06580
0.982777
0.986468
0.722300
0.758713
0.813165
0.747040
0.825278
0.969977
0.897959
0.925426
1.09512
1.10049
0.753341
0.666443
0.692657
0.611455
0.921970
0.927366
0.883625
0.969414
0.747991
0.951685
0.938447
0.911918
0.908313
0.947452
0.769120
0.837497
0.806347
0.777706
0.712189
0.800468
0.826558
0.861654
0.808094
0.747438
0.722596
0.730744
0.801590
0.750126
0.664442
0.965994
0.927345
0.871243
0.875925
0.864968
0.840564
0.853601
0.859332
0.830504
0.817322
1.04742
1.12217
1.03230
0.991008
0.936120
0.924850
0.997770
1.02260
1.00497
0.942483
1.06307
0.996956
0.941395
1.05963
0.968642
0.902558
1.05476
1.15996
1.03486
1.16975
0.760229
0.813492
0.768781
0.944439
0.885164
0.812725
0.737699
0.750071
0.711501
0.705905
0.704879
0.709428
0.726107
0.736211
0.725444
1.14156
0.910549
0.914712
1.03491
1.15397
1.13354
0.994674
0.913796
0.896321
0.809159
0.884223
0.789477
0.823570
0.765314
0.713976
0.802290
0.743276
0.823184
0.781659
0.738662
1.06466
0.823083
0.914578
1.05401
0.936951
0.517738
0.524180
0.495364
0.543522
0.570972
0.537382
0.553080
0.546988
0.598422
0.612569
0.540110
0.630537
0.607551
0.625561
0.619307
0.729257
0.633821
0.641767
0.725056
0.647177
1.32856
1.13475
1.26173
1.20523
1.26758
0.931933
0.947236
0.899950
0.890222
0.921754
0.655665
0.690083
0.663675
0.779557
0.733845
0.628768
0.566590
0.605179
0.559524
0.619951
0.838844
0.695642
0.685669
0.738460
0.628986
1.17582
1.15996
0.966988
0.851497
0.944054
1.05657
0.997787
0.931311
0.853025
0.539102
0.541579
0.549326
0.567351
0.487332
1.22563
1.29692
1.07569
0.968737
0.491156
0.499026
0.528457
0.573067
0.543586
0.877115
0.777001
0.961489
0.806519
0.904644
0.564856
0.585106
0.680137
0.714553
0.686709
0.770943
0.732909
0.732899
0.669591
0.704147
0.908140
0.775057
0.840700
1.08358
0.927072
0.527894
0.551335
0.535979
0.531625
0.470440
0.625850
0.618214
0.600918
0.644467
0.651747
0.929100
0.945642
0.992062
0.986107
0.914237
0.865292
0.957195
0.989672
0.965413
0.919740
0.866533
0.812306
0.823307
0.741360
0.709720
1.00436
0.865214
0.833003
0.943555
0.968909
0.745914
0.612751
0.648044
0.747370
0.601756
0.733285
0.754412
0.707338
0.777669
0.909394
0.673311
0.692723
0.668809
0.688854
0.611665
0.760208
0.756714
0.769726
0.692932
0.767210
1.01360
1.00383
0.981769
0.801751
0.914305
0.953142
0.875965
0.787487
0.989495
1.01918
0.706022
0.705142
0.770395
0.666335
0.754254
0.692121
0.683044
0.609130
0.621040
0.654834
0.683362
0.745215
0.735803
0.823425
0.777446
1.15407
1.28978
1.18728
1.05783
1.11929
0.872905
0.877230
0.931214
0.907099
0.941398
0.684171
0.756390
0.697389
0.748971
0.844461
0.673085
0.629176
0.516999
0.527946
0.523005
0.563374
0.546260
0.517006
0.510808
0.512156
0.740983
0.730242
0.823169
0.737188
0.688891
0.546586
0.591750
0.630942
0.704081
0.689827
0.822045
0.839106
0.853858
0.888111
0.867250
0.851198
0.858252
0.924158
0.945798
0.891435
0.578653
0.621309
0.731936
0.730980
0.806632
0.952073
1.13650
1.08166
1.09870
1.14928
0.881307
0.854460
0.758073
0.741916
0.777099
0.959390
1.13566
1.34673
1.20664
1.11646
0.912316
0.977929
0.983569
1.08251
0.942224
0.740502
0.677665
0.660245
0.744993
0.654374
0.973486
0.928920
0.882836
0.881400
0.792907
0.796480
0.918537
0.928865
0.939555
0.933363
0.806118
0.816997
0.687070
0.880646
0.773312
0.533644
0.606899
0.567136
0.585107
0.692176
0.752274
0.779430
0.895817
0.823224
0.749419
0.775472
0.717219
0.764178
0.720738
0.663746
0.540044
0.585628
0.641642
0.705516
0.796826
0.862489
0.773588
0.875442
0.932228
0.881820
0.988438
0.989299
1.09636
0.968574
0.708327
0.691352
0.753045
0.841936
0.825346
0.876894
0.841655
0.917890
0.905656
0.931973
0.679705
0.666747
0.665992
0.741157
0.728039
0.678912
0.636155
0.650023
0.647776
0.814854
0.820154
0.830237
0.826437
0.828071
1.03974
1.18839
1.22820
1.17753
1.21131
0.845297
0.795048
0.725561
0.733697
0.704040
0.880856
0.964358
1.04299
1.05296
0.841542
1.08330
1.25494
1.08080
1.18642
1.24358
0.757283
0.791091
0.765227
0.803556
0.861667
0.671093
0.642700
0.611809
0.643298
0.757873
0.803080
0.810772
0.815822
0.918154
0.801716
0.845136
1.01103
1.20837
0.641048
0.674603
0.744644
0.803003
0.746003
0.553881
0.490296
0.501495
0.496123
0.485446
0.727235
0.731412
0.724895
0.723127
0.802326
0.586478
0.578154
0.574407
0.766065
1.04261
1.13212
0.996494
1.16148
1.24456
0.752734
0.751803
0.820539
0.807846
0.901968
0.561235
0.602325
0.634620
0.769000
0.780650
0.686361
0.689949
0.715647
0.751357
0.703419
0.760423
0.684665
0.795303
0.840889
0.751266
0.689075
0.698669
0.669104
0.666542
0.690624
1.26132
1.22490
1.34590
1.26680
1.33483
0.837527
0.718310
0.793912
0.829660
0.813218
0.762164
0.739859
0.617958
0.688740
0.700780
0.649857
0.682776
0.685008
0.695079
0.707122
0.632222
0.611490
0.632319
0.623783
0.558644
0.790159
0.629959
0.702578
0.702249
0.721466
1.12553
1.18968
1.10670
1.19558
1.15832
0.901495
0.751272
0.755037
0.744723
0.682707
0.979612
1.05793
1.04783
1.15942
1.02955
0.935622
0.799896
0.813761
0.700794
0.682290
0.982423
1.08571
1.20280
1.05936
1.02982
1.03577
0.928317
0.919955
0.481174
0.538979
0.487009
0.537204
0.470830
0.884195
0.967123
0.881200
1.01340
0.850469
0.610688
0.630591
0.616279
0.551807
0.579416
0.628252
0.668332
0.635261
0.657993
0.583985
1.17619
0.974890
0.910336
1.06059
0.937067
0.761884
0.805117
0.806604
0.780477
0.717381
0.869237
0.825723
0.924996
0.887695
0.846510
0.943934
0.881105
0.814503
0.827478
0.863626
0.862192
0.834323
0.815717
0.793654
0.747382
0.752612
0.817364
0.809726
0.968719
0.901756
0.969479
0.891688
0.916691
0.864326
0.892062
0.907486
0.805821
0.847730
0.780765
0.869364
0.628177
0.651669
0.616247
0.686771
0.632858
0.940224
0.959747
0.919794
0.981951
0.981662
0.711773
0.678163
0.613222
0.697178
0.686461
0.513160
0.533229
0.557897
0.543596
0.510996
0.533890
0.583574
0.549939
0.586917
0.628435
1.09232
1.13046
1.01969
1.30897
0.647436
0.611776
0.579413
0.761843
0.740220
0.702226
0.712528
0.694359
0.785219
0.774706
0.873577
0.807285
0.872435
0.904487
0.784761
0.728057
0.759479
0.809348
0.918158
0.799712
0.817585
0.731759
0.744921
0.835851
0.941569
1.16602
1.19732
1.13352
1.08750
1.16024
0.714003
0.811178
0.766764
0.773492
0.757489
1.02421
0.966939
0.924128
0.953910
0.991549
0.715599
0.739340
0.682094
0.767912
0.676463
0.578267
0.613383
0.599657
0.665177
0.755803
0.936762
0.932981
0.855784
0.929514
0.861746
1.01934
0.842499
0.827704
0.964392
0.940477
0.716373
0.774699
0.674782
0.750901
0.830999
0.780559
0.667779
0.643910
0.594306
0.624914
0.589218
0.632647
0.651028
0.699878
0.636274
0.508998
0.545514
0.449316
0.482667
0.523039
1.07826
1.24291
1.11063
1.13939
1.05508
0.945980
1.02200
1.06659
0.981566
0.851708
0.683951
0.860767
0.824289
0.874648
0.871735
0.494568
0.518229
0.682296
0.650803
0.617863
0.984813
1.00449
1.00495
1.20671
0.846621
0.839230
0.946657
1.07643
0.966495
0.883562
0.910628
0.905203
1.00305
0.891156
0.870719
0.780381
0.735872
0.825986
0.928255
0.760348
0.848503
0.974039
1.03183
0.954063
0.681299
0.668258
0.702747
0.770036
0.658256
0.637530
0.674131
0.657327
0.631960
0.637269
0.724816
0.814510
0.911552
0.863626
0.889188
0.959999
0.871193
1.02642
0.874231
1.19279
1.04135
1.14033
1.18387
1.04259
0.799715
0.719995
0.792143
0.837164
0.841469
0.861961
0.823527
0.799443
0.888791
0.816462
1.13016
1.28963
1.17899
1.04533
1.24258
0.638853
0.636732
0.649557
0.705343
0.644851
0.987704
1.01307
0.994504
1.09805
1.01326
0.925304
0.872970
1.14048
1.19032
1.18050
0.603156
0.628057
0.582795
0.578571
0.554720
0.597080
0.661333
0.741026
0.740311
0.776612
0.780425
0.728970
0.875180
0.869493
0.719992
0.520421
0.566115
0.622879
0.737142
0.688643
0.820173
0.673750
0.761326
0.836758
0.808336
0.690994
0.682284
0.800289
0.854282
0.752751
0.781106
0.734705
0.722899
0.699920
0.894014
0.713821
0.651699
0.698213
0.636353
0.629822
0.604344
0.575278
0.675012
0.743391
0.881880
0.922773
0.925672
0.942937
1.05067
0.748608
0.922153
1.03766
1.00397
0.859503
0.730530
0.711725
0.649216
0.691425
0.710047
0.955077
0.926391
0.990347
0.922936
0.840174
0.965331
0.921570
0.901727
0.960476
0.930765
0.820279
0.807920
0.722481
0.740222
0.736471
0.718033
0.750568
0.713797
0.679290
0.596880
0.739897
0.744130
0.743732
0.723439
0.721884
0.645660
0.636195
0.621449
0.570109
0.513997
0.853504
0.872620
0.828124
0.822653
0.780928
0.600671
0.608939
0.566950
0.590498
0.536460
1.13538
1.25025
1.26694
1.20159
1.27889
0.582489
0.593603
0.608995
0.632131
0.643893
0.913354
0.909423
0.840969
0.928187
0.897846
0.810147
0.863498
0.815739
0.799785
0.687848
0.609886
0.621479
0.592246
0.707992
0.641386
1.01384
1.00987
0.992887
1.08345
1.01353
0.983182
1.07517
1.18766
1.21463
1.09408
1.13645
1.04898
0.889125
1.03459
0.979354
0.631289
0.714038
0.646699
0.610255
0.654345
0.860805
0.779910
0.729774
0.682413
0.642488
0.707138
0.723040
0.868624
0.728289
0.696618
1.23880
1.33564
1.27797
1.28893
1.15920
1.01638
1.03629
1.12150
1.09288
0.921015
1.05934
1.29228
1.18260
1.16150
1.23333
0.912915
1.00581
1.02837
1.10353
1.09389
0.879791
0.928064
0.880430
0.967394
0.828450
0.572427
0.622321
0.579640
0.581348
0.672038
0.525991
0.548032
0.569410
0.587621
0.674480
0.846487
0.776678
0.772758
0.769578
0.771265
0.703554
0.768225
0.667139
0.669014
0.627481
0.978272
0.885824
0.976397
1.07766
1.11215
0.640690
0.724898
0.642040
0.590550
0.625165
1.14023
0.945981
0.982375
1.21687
0.912220
0.830163
0.778673
0.859051
0.961751
1.10077
0.913720
0.873511
0.950280
0.839488
0.988820
0.973168
0.940407
0.977958
1.06309
1.00766
0.966332
1.18167
1.11065
1.02652
0.891903
0.809396
0.935316
0.818866
0.785725
0.602634
0.595555
0.583102
0.602481
0.554938
0.953349
0.876882
0.921604
0.983800
0.911032
0.857019
0.918440
0.877380
0.907979
0.818431
0.999789
0.940350
1.07899
1.23998
1.19031
0.784664
0.691145
0.635761
0.633065
0.664266
1.04594
0.966280
0.983763
0.923339
0.883280
0.798523
0.836039
0.833841
0.892722
0.766708
1.15871
1.16432
1.26477
1.14474
1.00735
0.797981
0.806905
0.974228
0.975814
0.941659
0.848553
0.787146
0.785222
0.783484
0.745766
1.02722
1.13281
1.02786
1.01045
0.892781
0.769983
0.714512
0.616289
0.652396
0.645213
0.848431
0.835047
0.847134
0.895738
0.810809
0.772128
0.823190
0.780496
0.850264
0.740367
0.892438
0.831396
0.814567
0.777398
0.871998
0.988238
0.917200
0.884083
1.03701
0.940051
1.05221
1.00411
0.933861
0.975901
1.07005
1.00962
0.981674
1.13710
1.25691
1.00919
0.847838
0.957410
0.990635
1.03140
0.974286
1.06496
1.04382
1.00274
0.976292
0.995309
0.954333
0.860800
0.827157
0.913535
0.920981
0.727698
0.701701
0.682443
0.676738
0.644185
0.953454
0.910697
0.958958
0.996949
0.816677
1.08259
0.977443
0.880176
0.965918
0.973284
0.781365
0.805934
0.806683
0.829055
0.807960
0.722249
0.708544
0.706876
0.703547
0.744723
0.640326
0.800772
0.835689
0.780262
0.767580
0.862591
0.880008
0.810153
0.849870
0.788192
1.02158
1.06142
0.966085
1.18279
1.01917
0.587679
0.634459
0.555136
0.579704
0.694636
0.966453
0.968043
0.855461
1.17228
1.19187
0.968875
0.888105
0.882547
0.871747
0.821662
1.00516
0.940509
1.04572
1.10334
0.951855
1.13414
1.19131
1.16538
1.13385
1.09540
1.08970
1.14635
1.08522
1.02722
1.01480
1.03593
1.13184
1.19966
1.03939
1.13885
1.03534
1.17873
1.13790
1.08132
1.17985
0.688060
0.659362
0.728382
0.699761
0.665077
1.09056
0.846981
0.867116
0.820571
0.845308
0.937590
0.936864
0.906972
0.894533
0.837444
0.895585
0.770588
0.727119
0.744987
0.703660
0.795982
0.859581
0.991661
0.978915
0.967778
0.682147
0.723519
0.666813
0.700206
0.800034
0.520306
0.573585
0.585914
0.665663
0.583167
0.930492
0.869350
0.923844
0.855054
0.764334
0.497846
0.451519
0.635955
0.520486
0.552822
0.680955
0.650138
0.635357
0.658477
0.720899
0.949737
0.909724
0.860072
0.980306
0.906550
0.668808
0.673245
0.713860
0.716358
0.751134
1.01125
1.03010
0.966814
0.956965
0.993820
0.973091
0.984210
0.884334
0.914485
0.906936
0.663192
0.634556
0.618827
0.589048
0.614544
0.705221
0.689347
0.597255
1.33191
1.15331
1.32404
1.10572
1.06345
1.00843
0.970759
0.938817
1.01904
0.963409
1.08456
1.04162
0.957540
0.984511
0.740933
0.744091
0.766685
0.800465
0.771528
0.714605
0.722480
0.689744
0.726925
0.714220
0.947959
0.891231
0.916676
0.902633
0.856575
0.740573
0.796423
0.777395
0.796234
0.828940
0.740624
0.729723
0.768255
0.801933
0.786541
0.837722
0.713376
0.704825
0.759001
0.633839
1.17027
1.15065
1.01607
1.12588
1.37090
0.964310
1.05787
1.12925
1.21947
1.17865
0.854271
0.850129
0.778451
0.898495
0.841743
0.749612
0.719150
0.720633
0.744962
0.644461
0.923866
0.848980
0.843910
0.799631
0.821031
0.751646
0.715337
0.622594
0.648014
0.688758
0.878128
0.794918
0.653873
0.749577
0.821974
0.612663
0.698126
0.646312
0.615997
0.721259
0.705418
0.702345
0.668981
0.617809
0.620772
0.947830
0.916604
0.859221
0.879312
0.947787
1.02065
0.813241
0.922438
0.831201
0.657184
0.593180
0.637607
0.652105
0.576963
0.923968
0.841931
0.927835
0.880555
0.846182
0.925759
0.836190
0.878916
1.00648
1.00912
0.872786
0.764577
0.779397
0.826584
0.895346
0.865209
0.879630
0.767011
0.824696
0.794884
0.709426
0.734293
0.765648
0.717529
0.666255
0.873202
0.863630
0.934934
1.05813
1.06289
0.838417
0.937464
0.949046
0.910168
0.896585
0.699340
0.766731
0.819764
0.735269
0.690643
0.816334
0.771414
0.677985
0.662249
0.675201
0.726896
0.744565
0.820695
0.820906
0.763061
0.766057
0.769534
0.714705
0.811400
0.901069
0.703752
0.674156
0.684102
0.750667
0.750723
0.669098
0.791919
0.701228
0.770130
0.768761
0.554031
0.531665
0.552040
0.581381
0.541436
0.791952
0.758243
0.729519
0.798325
0.771072
0.881775
0.817442
0.754642
0.802694
0.808830
0.845118
0.896965
0.980582
0.928573
0.863393
0.523507
0.504911
0.521223
0.557394
0.539753
0.720716
0.635603
0.718445
0.716116
0.630196
0.875654
0.909161
0.817635
0.856855
0.932859
0.718065
0.726310
0.835651
0.833878
0.917669
0.671202
0.657000
0.704573
0.781135
0.636317
0.608832
0.589768
0.628321
0.679059
0.605526
0.881643
0.846061
0.837617
0.892343
0.914716
1.17191
1.22049
1.28628
1.21158
1.26904
1.23171
1.31527
1.27899
1.22893
0.765122
0.653492
0.773072
0.748283
0.726511
0.773139
0.769299
0.826122
0.916258
0.894206
0.907786
0.870598
0.877569
0.860119
0.795894
0.796162
0.796335
0.823960
1.02439
1.01929
0.884469
0.809137
0.753262
0.829742
0.915240
0.862945
0.849833
0.848951
0.880698
0.787381
1.01209
0.994544
1.02208
1.02174
1.01076
0.753685
0.747186
0.759618
0.704578
0.744394
0.638245
0.647727
0.607294
0.673489
0.639218
0.856185
0.936264
0.847305
0.851080
0.930431
0.691829
0.810670
0.794506
0.823480
0.810211
1.04766
0.973313
0.818899
0.849267
0.888300
1.00351
0.820289
0.760585
0.790876
0.778056
0.898500
0.856795
0.811046
0.844846
0.913361
0.876941
0.790704
0.894576
1.04731
1.01239
0.630684
0.643715
0.605338
0.607198
0.666205
0.859692
0.880777
0.825359
0.738223
0.726294
0.707059
0.776518
0.863679
1.00473
0.841555
0.854718
0.907793
0.910807
0.868733
0.828888
0.735825
0.752956
0.794232
0.797109
0.638952
0.623019
0.670596
0.608842
0.722865
0.778389
0.762825
0.709888
0.762241
0.663817
1.21013
1.24429
1.12639
0.967639
1.07941
0.716596
0.705372
0.731879
0.847155
0.781847
0.834265
0.919118
0.767475
0.856015
0.865954
0.857127
0.855917
0.968488
0.935752
0.957897
0.815729
0.766306
0.839376
0.942829
0.897757
1.08205
1.11852
1.11322
1.25980
1.25622
0.939593
0.940126
0.915446
0.896618
0.949819
0.718119
0.770379
0.808107
0.869089
0.772258
0.919232
0.936228
1.12275
0.981182
0.777737
1.02526
1.17439
1.08535
0.991440
1.18724
1.22557
1.09829
1.14524
1.16109
1.05226
0.982598
1.03024
1.17283
1.01207
0.683969
0.695948
0.715794
0.742661
0.797554
0.647853
0.676353
0.621877
0.681627
0.744064
1.00410
0.949856
1.06431
0.928380
0.891050
0.998734
0.970132
0.912157
0.935536
0.939552
0.956902
0.931520
0.946445
1.12512
0.987219
0.800241
0.844818
0.792030
1.01414
0.683804
0.746074
0.775003
0.708039
0.647335
1.24036
1.16928
1.04149
1.12260
0.668055
0.685117
0.725918
0.733523
0.702252
0.744992
0.664175
0.714982
0.902595
0.828341
1.07940
1.04761
0.954399
0.792223
0.979006
0.971967
0.875913
0.843100
0.881819
0.898954
0.761093
0.786285
0.730185
0.759606
0.666210
0.855632
0.972002
1.20012
1.11895
1.02366
0.582867
0.574577
0.580622
0.578187
0.600630
0.974387
0.772541
0.847078
0.888697
0.818645
0.757146
0.738932
0.733554
0.760386
0.825861
1.14649
1.09681
1.13916
1.11772
1.18853
0.903448
0.842031
0.793931
0.746895
0.761076
0.809192
0.750628
0.732557
0.750470
0.820707
0.900277
0.694976
0.693200
0.791801
0.902775
1.09620
1.04045
1.07858
1.02843
1.04410
1.26631
1.11337
1.21902
1.17851
0.862476
0.791872
0.727563
0.748242
0.806984
1.03777
1.05300
1.06594
1.15029
1.05448
1.00190
0.850891
0.822728
0.986334
0.957541
0.893262
0.956584
0.894545
0.970076
0.936448
1.05679
1.19590
0.829144
0.742230
0.934022
1.16586
1.03397
1.07884
1.17281
1.00937
1.06295
0.997972
0.898451
1.00825
0.894532
0.762727
0.796835
0.838025
0.868308
0.851405
0.718991
0.731928
0.708295
0.783050
0.869680
0.849914
0.777594
0.723212
0.725956
0.746604
0.670806
0.610720
0.577111
0.611786
0.588047
0.769526
0.784604
0.711536
0.727888
0.794674
0.889193
0.959214
0.934221
1.00682
0.930732
0.969492
0.872261
0.860343
1.00580
0.818767
0.777098
0.845372
0.878378
0.838255
0.828910
0.750487
0.687825
0.667497
0.774663
0.890926
0.906706
0.890744
0.932032
0.883408
0.853264
0.873597
0.910031
0.900824
1.03522
0.800623
0.733482
0.839823
0.843128
0.674970
0.721222
0.695308
0.618485
0.602111
0.598338
1.07680
0.993882
0.937402
1.02582
0.983012
1.28157
1.18684
1.05359
1.07484
0.881487
0.759509
0.684272
0.698699
0.667688
0.765297
0.852143
0.858231
0.890462
0.871454
0.866093
0.726085
0.662290
0.687418
0.749241
0.741581
1.16209
0.985605
0.903429
0.980591
0.974309
0.669141
0.650152
0.660713
0.692522
0.714019
0.587361
0.628879
0.711137
0.622660
0.705690
0.808040
0.648537
0.597531
0.699222
0.748503
0.712568
0.688510
0.645637
0.670898
0.652781
1.01923
0.946877
0.906427
0.851984
0.739677
0.700545
0.778443
0.843748
0.822101
0.762225
0.807659
0.811264
0.776342
0.821517
0.731800
0.732360
0.788836
0.841774
0.823684
0.789348
0.898335
0.898553
0.747359
0.738418
0.722336
0.882247
0.771646
0.746831
0.694795
0.705306
0.607009
0.669859
0.676056
0.606461
0.623828
0.535830
0.541499
0.616413
0.553314
0.563500
0.783895
0.868722
0.843639
0.891691
0.858763
0.893975
0.901155
0.943907
0.811388
0.896888
0.873331
0.798704
0.780134
0.863229
0.839777
0.932040
0.938406
0.939092
0.607527
0.601741
0.635685
0.589185
0.516864
0.785230
0.762492
0.740682
0.764961
0.764847
0.796176
0.904378
0.966982
0.770514
0.820287
0.861882
0.951116
0.799380
0.703025
0.813353
0.802298
0.911368
0.882919
0.984417
1.00273
0.975839
0.873875
1.04250
0.940017
0.883017
0.948605
0.971498
0.841937
0.778114
0.748647
0.827435
0.767632
0.893883
0.950653
0.952022
0.885145
1.04991
0.890397
0.785144
0.812883
0.731132
0.699924
0.724581
0.754044
0.726386
0.801173
0.747736
0.785523
0.794911
0.753940
1.07507
1.03292
0.990586
1.02006
0.979968
0.764223
0.652403
0.590926
0.603508
0.675242
0.620085
0.665605
0.683388
0.621012
0.638874
1.17119
1.05337
0.935568
1.07360
1.05386
0.633160
0.636942
0.747353
0.698569
0.687375
0.909369
0.892927
0.960707
0.862663
0.838459
0.931053
0.932325
0.937227
0.906630
0.899607
0.640611
0.645644
0.624599
0.640330
0.613134
0.553205
0.623485
0.612978
0.586259
0.637980
0.808338
0.759563
0.771115
0.772170
0.760458
0.903273
0.912609
1.04808
1.16119
1.13800
0.663556
0.637140
0.597741
0.689225
0.683740
0.524373
0.566846
0.559733
0.598760
0.521917
0.746359
0.751951
0.720873
0.660517
0.677567
0.740263
0.764401
0.713862
0.773511
0.706571
0.630521
0.654669
0.599522
0.682287
0.655678
0.853376
0.756283
0.888988
0.812417
0.792035
0.595922
0.588594
0.633844
0.684909
0.618566
0.571135
0.550367
0.612976
0.614780
0.588630
0.863879
0.730547
0.799724
0.818299
0.958132
0.788353
0.628609
0.641082
0.582866
0.603363
0.636886
0.602661
0.663932
0.651872
0.629343
0.761740
0.747649
0.725469
0.748975
0.732097
0.637284
0.712033
0.766958
0.958074
0.730932
0.693103
0.647488
0.694335
0.638812
0.782851
0.749920
0.728060
0.702210
0.669866
0.993837
0.957659
1.02203
1.00847
0.973555
0.817028
0.918439
0.891545
0.840701
0.803877
1.13251
1.22975
1.14574
1.13507
1.13817
0.651453
0.640240
0.658880
0.677684
0.698459
1.05856
1.09341
1.05894
1.03092
1.11250
1.03001
1.01269
0.984213
0.977584
1.03741
0.880330
0.898029
0.826888
0.825322
0.778936
0.940669
0.882371
0.870651
0.856093
0.809573
0.900073
0.663354
0.695267
0.885512
0.817406
1.22111
1.31749
1.12669
1.14176
1.08424
0.567795
0.594753
0.587421
0.621059
0.565528
1.17170
1.20556
1.04148
1.07697
1.00650
0.882051
0.843740
0.697948
0.820612
0.776877
0.836325
0.888301
0.891985
0.858808
0.850314
0.608222
0.565987
0.622464
0.571722
0.559415
0.606450
0.729268
0.782026
0.766231
0.716597
0.598853
0.574802
0.581033
0.578855
0.553529
0.607112
0.557338
0.605638
0.575223
0.627015
1.17009
1.20293
1.25222
1.20131
1.35732
