0.90
1.15
0.85
0.54
0.93
0.64
0.91
0.68
0.85
1.01
1.15
0.71
0.67
0.84
1.02
0.92
0.96
0.73
0.90
0.78
0.82
0.58
0.79
0.87
0.76
0.63
0.91
0.89
0.73
0.59
0.56
0.71
1.04
0.78
1.00
0.68
1.07
1.05
0.59
0.91
0.77
0.86
0.88
0.45
0.54
0.81
0.71
0.60
1.02
0.74
0.78
1.04
0.66
0.96
0.78
0.98
1.02
0.67
1.06
0.67
0.80
0.83
0.66
0.61
1.02
0.68
0.68
0.88
0.84
0.75
0.49
0.94
0.69
0.69
0.58
0.82
0.67
0.78
0.72
1.37
0.69
0.78
0.85
1.17
0.98
0.74
1.18
0.74
0.94
0.67
0.92
0.82
0.69
0.63
0.85
0.68
0.61
0.73
0.83
0.86
0.76
0.99
1.20
1.02
0.95
0.81
1.08
0.86
0.75
0.70
0.74
0.88
0.80
0.86
0.87
1.13
0.50
0.59
0.76
0.70
0.92
0.79
1.05
0.63
0.70
0.73
0.89
0.74
0.86
1.09
1.05
0.77
1.01
0.97
0.99
0.79
0.84
0.96
0.86
0.96
0.76
0.78
1.12
0.99
1.08
1.04
0.83
0.76
0.82
0.82
0.91
0.96
0.96
0.74
0.97
0.66
0.86
0.91
0.76
0.81
0.69
0.88
0.84
1.02
0.98
1.01
1.03
0.81
0.70
0.71
1.01
0.92
0.77
0.76
0.94
0.50
0.56
0.61
0.68
1.24
0.95
0.70
0.59
0.70
1.03
0.94
0.55
1.13
0.53
0.85
0.64
0.70
0.87
0.52
0.57
0.94
0.92
0.78
0.90
0.67
0.74
0.66
0.76
0.92
0.89
0.72
0.63
0.74
1.17
0.89
0.74
0.56
0.53
0.73
0.62
0.84
0.89
0.67
1.06
0.80
1.13
0.99
0.70
0.87
0.87
0.75
0.53
0.79
0.73
0.59
0.83
0.96
0.74
0.90
0.66
0.64
0.82
1.10
0.75
0.95
1.18
0.77
0.64
0.80
0.95
0.71
0.49
0.72
0.60
1.11
0.79
0.62
0.68
0.72
0.65
1.27
0.78
0.68
0.66
0.61
0.71
1.14
0.74
1.05
0.75
1.02
0.94
0.50
0.89
0.58
0.65
0.99
0.76
0.85
0.86
0.82
0.83
0.88
0.82
0.62
0.95
0.65
0.53
0.59
1.13
0.61
0.72
0.82
0.80
0.78
1.15
0.72
0.95
0.70
0.64
0.87
0.90
0.75
0.62
0.61
0.46
1.09
0.96
0.79
0.59
1.04
0.90
0.90
0.78
0.86
0.72
0.65
0.80
0.87
1.11
0.73
0.83
1.16
0.63
1.02
0.93
1.15
0.58
0.68
0.78
0.60
0.76
0.73
0.72
0.68
0.64
0.91
0.89
0.68
0.95
0.94
0.76
0.68
0.74
0.58
0.82
0.57
1.24
0.61
0.90
0.78
0.61
1.01
1.10
0.98
0.65
0.69
0.68
1.27
1.02
1.20
1.00
0.89
0.60
0.57
0.78
0.70
0.98
0.64
1.04
0.84
0.92
0.97
1.04
0.82
0.58
0.92
0.87
1.07
0.63
0.92
0.82
1.12
0.89
0.78
0.99
0.67
0.82
0.77
0.82
0.93
0.99
1.06
0.93
0.99
0.88
0.67
0.86
0.95
0.80
0.72
0.73
0.82
1.03
0.58
1.01
0.87
0.99
1.14
1.07
1.08
1.09
0.67
0.85
0.87
0.76
0.91
0.68
0.58
0.83
0.53
0.66
0.91
0.70
0.97
0.92
0.62
0.69
1.23
1.00
1.00
0.73
0.71
0.87
0.77
0.76
0.70
1.15
1.09
0.83
0.70
0.83
0.67
0.78
0.63
0.63
0.90
0.88
0.61
0.88
0.91
0.82
0.82
0.70
0.94
0.91
0.74
0.71
0.77
0.77
0.68
0.74
0.53
0.74
0.78
0.91
0.50
0.68
0.87
0.80
0.69
0.60
0.86
1.20
1.28
0.69
0.83
0.87
0.87
0.82
0.84
1.00
0.75
0.60
0.86
0.74
0.90
0.82
0.85
0.87
0.59
0.78
0.81
0.88
0.76
0.65
0.74
1.10
0.75
0.84
0.92
0.84
1.16
0.89
0.78
0.94
1.08
1.17
1.03
0.73
0.66
0.95
0.95
0.98
0.86
0.70
1.16
0.68
0.73
0.91
0.87
0.71
1.00
0.57
0.84
0.77
1.16
0.82
0.77
0.76
1.07
1.20
0.78
1.09
0.93
0.90
1.05
0.76
1.10
0.96
0.81
0.75
0.76
0.60
0.81
0.94
0.93
0.83
0.73
0.90
0.92
0.78
0.65
1.02
1.06
0.71
0.87
0.72
1.00
0.66
0.65
0.66
0.67
0.87
0.77
0.80
0.79
0.73
0.76
0.63
0.55
0.83
0.93
0.83
1.00
0.58
0.75
0.80
0.82
0.84
0.94
0.96
0.79
0.93
0.83
0.70
0.76
1.02
0.64
0.65
1.05
0.67
0.89
0.93
0.62
0.60
0.77
1.00
0.66
0.57
0.74
0.73
0.62
0.83
0.62
0.60
0.81
0.62
0.63
0.75
0.73
0.65
0.71
1.01
0.83
1.18
0.67
1.09
1.02
0.85
0.87
0.75
1.19
0.57
1.10
0.78
0.83
0.58
0.68
0.57
0.60
1.23
