0.01982815564 24.68000000
0.02311896160 24.67000000
0.02362439595 24.67000000
0.02310165204 24.67000000
0.02117351256 24.67000000
0.02127702162 24.67000000
0.02281827666 24.67000000
0.02555946261 24.67000000
0.02304813825 24.67000000
0.02567224763 24.67000000
0.02058167942 24.67000000
0.03097741120 24.67000000
0.02146884426 24.67000000
0.02666564472 24.67000000
0.02114131115 24.67000000
0.01873591542 24.67000000
0.02355461195 24.67000000
0.02229047753 24.67000000
0.02281554043 24.67000000
0.02202819474 24.67000000
0.02266316675 24.67000000
0.02057471126 24.67000000
0.02387494221 24.67000000
0.02692871541 24.67000000
0.02449389361 24.67000000
0.02420138754 24.67000000
0.02064586058 24.67000000
0.02352029458 24.67000000
0.02829881199 24.67000000
0.01843218878 24.67000000
0.02012996189 24.67000000
0.02336549200 24.67000000
0.02126425132 24.67000000
0.01983276755 24.67000000
0.01881715097 24.67000000
0.02836060338 24.67000000
0.01939595863 24.67000000
0.02195656486 24.67000000
0.02143497579 24.67000000
0.02396128140 24.67000000
0.02380030416 24.67000000
0.02329718508 24.67000000
0.02318022773 24.67000000
0.01987249963 24.67000000
0.02110611089 24.67000000
0.02410928160 24.67000000
0.01946136728 24.67000000
0.02728203684 24.67000000
0.02298334800 24.67000000
0.02115987986 24.67000000
0.02757208794 24.67000000
0.03003559634 24.67000000
0.02019063756 24.67000000
0.01925650984 24.67000000
0.02077255212 24.67000000
0.02125651948 24.67000000
0.02821010165 24.67000000
0.02667638101 24.67000000
0.02002010122 24.67000000
0.02677894384 24.67000000
0.02065590210 24.66000000
0.02074717730 24.66000000
0.02104295418 24.66000000
0.02652885020 24.66000000
0.02008348145 24.66000000
0.02728992328 24.66000000
0.02536133863 24.66000000
0.02614029124 24.66000000
0.01764155179 24.63000000
0.02642636746 24.63000000
0.02976550721 24.66000000
0.03027411923 24.66000000
0.01983449422 24.66000000
0.02118782885 24.66000000
0.02316836268 24.66000000
0.02666546591 24.63000000
0.02570306696 24.66000000
0.02327182330 24.66000000
0.02573642135 24.66000000
0.02565227821 24.66000000
0.02299616300 24.63000000
0.02267827652 24.66000000
0.02275673486 24.66000000
0.02657980658 24.66000000
0.04278071970 24.66000000
0.02440503426 24.66000000
0.02449484542 24.63000000
0.02267562598 24.66000000
0.02523518167 24.66000000
0.02938213944 24.66000000
0.02383725531 24.66000000
0.02459806204 24.63000000
0.02650388703 24.66000000
0.02543873712 24.66000000
0.02424327657 24.66000000
0.02249906212 24.66000000
0.02693972178 24.66000000
0.02492241748 24.63000000
0.02489227429 24.66000000
0.02552951500 24.66000000
0.02626339905 24.66000000
0.02357516997 24.66000000
0.02539009228 24.66000000
0.02032297663 24.63000000
0.02653551847 24.66000000
0.02584582008 24.66000000
0.02171576396 24.66000000
0.02645624243 24.66000000
0.02366640046 24.63000000
0.02549260110 24.66000000
0.02445577271 24.66000000
0.02250436880 24.66000000
0.02335173637 24.66000000
0.01891817711 24.63000000
0.02579513565 24.66000000
0.02128765918 24.66000000
0.02415360324 24.66000000
0.02371013351 24.63000000
0.02272943221 24.66000000
0.02110052109 24.66000000
0.02330313064 24.66000000
0.02156402543 24.66000000
0.02536651678 24.66000000
0.02521199547 24.63000000
0.02009851485 24.66000000
0.02512832545 24.66000000
0.02038858086 24.66000000
0.02048035152 24.66000000
0.02569385245 24.66000000
0.02292093448 24.63000000
0.02591576800 24.66000000
0.02532195300 24.66000000
0.02450061776 24.66000000
0.02380682342 24.66000000
0.02885437198 24.66000000
0.03505003452 24.63000000
0.02512491122 24.66000000
0.02852205187 24.66000000
0.02634911425 24.66000000
0.02618668042 24.66000000
0.02586174943 24.63000000
0.02706823684 24.66000000
0.02650213242 24.66000000
0.02607657202 24.66000000
0.02432368323 24.66000000
0.02463010326 24.63000000
0.02737095393 24.66000000
0.02738205902 24.66000000
0.02754307166 24.66000000
0.02586637624 24.66000000
0.02265619673 24.66000000
0.02137408964 24.63000000
0.02215256542 24.66000000
0.02581348270 24.66000000
0.02539384551 24.66000000
0.02479194477 24.66000000
0.02407616936 24.63000000
0.02344068885 24.66000000
0.02398881502 24.66000000
0.02033671737 24.66000000
0.02244796045 24.63000000
0.01899675466 24.68000000
0.02297578938 24.66000000
0.02179327421 24.71000000
0.02200662717 24.67000000
0.02478661202 24.67000000
0.02287465334 24.67000000
0.02187008038 24.67000000
0.02166065574 24.67000000
0.02296010032 24.67000000
0.02227143385 24.67000000
0.02072756737 24.67000000
0.02213315479 24.67000000
0.02442778274 24.67000000
0.02265794203 24.67000000
0.02632354386 24.67000000
0.02833908051 24.67000000
0.02095448598 24.67000000
0.02200481668 24.67000000
0.02627784573 24.67000000
0.02401618473 24.67000000
0.02575229295 24.67000000
0.02255441435 24.67000000
0.02730462328 24.67000000
0.02207591012 24.67000000
0.02353109606 24.67000000
0.02466438897 24.67000000
0.02692080848 24.67000000
0.02347054519 24.67000000
0.02367993444 24.67000000
0.02114266530 24.67000000
0.02020735666 24.67000000
0.02280142903 24.67000000
0.02007353306 24.67000000
0.01992636919 24.67000000
0.02527858876 24.67000000
0.01882729679 24.67000000
0.02357196622 24.67000000
0.02258779481 24.67000000
0.02889538743 24.67000000
0.02280943654 24.67000000
0.02682014182 24.67000000
0.02267800272 24.67000000
0.02481035329 24.67000000
0.02433795668 24.67000000
0.02305879444 24.67000000
0.02531173639 24.67000000
0.02201861702 24.67000000
0.02013813332 24.67000000
0.02994460054 24.67000000
0.02606519684 24.67000000
0.02427415550 24.67000000
0.01870910078 24.67000000
0.02663522400 24.67000000
0.02153909393 24.67000000
0.02241889760 24.67000000
0.02121373639 24.67000000
0.02735614777 24.67000000
0.01965777203 24.67000000
0.03027532063 24.67000000
0.02237538621 24.67000000
0.02459018305 24.67000000
0.02039679885 24.67000000
0.02536433376 24.67000000
0.02383068390 24.67000000
0.02509259060 24.67000000
0.02352611907 24.67000000
0.02118511498 24.67000000
0.02439709194 24.67000000
0.02401423641 24.67000000
0.02354465425 24.67000000
0.02258940972 24.67000000
0.02760517783 24.67000000
0.02182520181 24.67000000
0.02666916884 24.67000000
0.02492944524 24.67000000
0.02594100498 24.67000000
0.02443456650 24.67000000
0.02482048981 24.67000000
0.02604802325 24.67000000
0.02074759826 24.67000000
0.02042564191 24.67000000
0.02282234468 24.67000000
0.02035521157 24.67000000
0.02026964724 24.67000000
0.01941610314 24.68000000
0.02644034103 24.67000000
0.02334276959 24.67000000
0.02033625357 24.67000000
0.02389773726 24.67000000
0.01982802153 24.67000000
0.01938648149 24.67000000
0.02381084301 24.67000000
0.01966266334 24.67000000
0.02325213142 24.67000000
0.01955831982 24.67000000
0.02123246156 24.67000000
0.02200087905 24.67000000
0.02518934757 24.67000000
0.02157111280 24.67000000
0.01825533062 24.68000000
0.01877555810 24.68000000
0.01859095879 24.65000000
0.02106162161 24.68000000
0.02349605225 24.67000000
0.01979900338 24.65000000
0.02205714583 24.67000000
0.01873046905 24.68000000
0.02016862109 24.67000000
0.01945404336 24.67000000
0.01890541799 24.68000000
0.01985844970 24.67000000
0.01806371287 24.67000000
0.03102366440 24.67000000
0.02033967897 24.68000000
0.02648811601 24.67000000
0.02281582728 24.68000000
0.04091409221 24.68000000
0.02045433037 24.67000000
0.02104482055 24.68000000
0.02754802816 24.68000000
0.01638000645 24.65000000
0.02332906425 24.68000000
0.02416833490 24.68000000
0.01973500103 24.67000000
0.02082342096 24.69000000
0.02298661694 24.68000000
0.02191391401 24.66000000
0.02471173927 24.66000000
0.02077489905 24.67000000
0.01962388493 24.68000000
0.02115861326 24.68000000
0.02273597009 24.66000000
0.02173469774 24.68000000
0.01933727227 24.66000000
0.02893238328 24.68000000
0.01894648001 24.68000000
0.02048413455 24.67000000
0.02012778819 24.67000000
0.02254371531 24.67000000
0.01948325150 24.68000000
0.02034223452 24.68000000
0.02127553523 24.67000000
0.02037980780 24.67000000
0.02014457248 24.68000000
0.02086634189 24.67000000
0.02039318532 24.67000000
0.02140052244 24.67000000
0.02106117643 24.68000000
0.02041330561 24.67000000
0.02226298489 24.67000000
0.02435987256 24.67000000
0.01985971816 24.66000000
0.02036380395 24.66000000
0.02330808714 24.67000000
0.01907659322 24.67000000
0.02482572570 24.67000000
0.01991487108 24.67000000
0.02276971005 24.67000000
0.01825610362 24.67000000
0.02332585305 24.67000000
0.01945191436 24.66000000
0.01977223717 24.66000000
0.02219460532 24.68000000
0.02024926245 24.67000000
0.02162883803 24.68000000
0.02199406736 24.67000000
0.02123009972 24.67000000
0.03207989037 24.67000000
0.01897016354 24.68000000
0.01779690757 24.67000000
0.02011381648 24.67000000
0.02212413214 24.67000000
0.02417869680 24.67000000
0.02529546991 24.67000000
0.02106573060 24.67000000
0.02165463567 24.66000000
0.02524461783 24.67000000
0.02122658677 24.67000000
0.02148988470 24.67000000
0.02422083728 24.65000000
0.01869270392 24.67000000
0.02091628499 24.66000000
0.01906920038 24.66000000
0.02154785953 24.67000000
0.02233888581 24.66000000
0.01846693456 24.66000000
0.02273716219 24.66000000
0.02284421027 24.66000000
0.01749993116 24.64000000
0.02607031167 24.65000000
0.01961578615 24.66000000
0.02566533908 24.68000000
0.01629347913 24.61000000
0.01753092930 24.63000000
0.02128257789 24.65000000
0.01857360452 24.66000000
0.01713154465 24.65000000
0.01834082603 24.66000000
0.01870186999 24.63000000
0.02172511816 24.66000000
0.01726183854 24.61000000
0.01845874637 24.65000000
0.02171516977 24.61000000
0.01789605804 24.66000000
0.02276602760 24.66000000
0.01803687587 24.65000000
0.02219585143 24.66000000
0.01783496700 24.66000000
0.01873360947 24.60000000
0.01819422841 24.66000000
0.02068675309 24.66000000
0.02579737082 24.65000000
0.02096319012 24.65000000
0.02339437231 24.66000000
0.02359921113 24.65000000
0.01800152101 24.66000000
0.01881465875 24.63000000
0.01610362530 24.61000000
0.02307267860 24.64000000
