0.5800000000
0.6200000000
0.9400000000
0.7500000000
0.7500000000
0.5400000000
0.5800000000
0.9300000000
0.7300000000
0.6400000000
0.8500000000
0.5800000000
0.6200000000
0.7800000000
0.7200000000
0.5300000000
0.6100000000
0.6400000000
0.7700000000
0.4900000000
0.6500000000
0.7100000000
0.6200000000
0.5800000000
0.7500000000
0.9300000000
0.7500000000
0.9400000000
0.6400000000
0.9000000000
0.6600000000
0.6300000000
0.6600000000
0.6600000000
0.8000000000
0.7500000000
0.5700000000
0.6700000000
0.5800000000
0.6400000000
0.7000000000
0.7300000000
0.8700000000
0.7400000000
0.4800000000
0.9300000000
0.8700000000
0.6500000000
0.6700000000
0.7800000000
0.6400000000
0.5400000000
0.8100000000
0.5600000000
0.6800000000
0.6400000000
0.8200000000
0.7200000000
0.5700000000
0.6700000000
0.5400000000
0.6800000000
0.6400000000
0.6100000000
0.8300000000
0.7800000000
0.7100000000
0.4800000000
0.7100000000
0.7800000000
0.5000000000
0.6800000000
0.5100000000
0.5200000000
0.6000000000
0.7400000000
0.4900000000
0.5900000000
0.6200000000
0.7300000000
0.6000000000
0.7300000000
0.8500000000
0.7300000000
0.7700000000
0.5600000000
0.8300000000
0.7000000000
0.7800000000
0.6400000000
0.6200000000
0.8000000000
0.5600000000
0.6100000000
0.8000000000
0.5400000000
0.6200000000
0.6900000000
0.5600000000
0.6300000000
0.7600000000
0.7600000000
0.7500000000
0.5800000000
0.6300000000
0.5200000000
0.5400000000
0.6700000000
0.7500000000
0.5600000000
0.6200000000
0.6100000000
0.6400000000
0.6500000000
0.7700000000
0.8900000000
0.6100000000
0.8000000000
0.5400000000
0.5600000000
0.7900000000
0.5400000000
0.6100000000
0.6400000000
0.6300000000
0.6700000000
0.4700000000
0.5000000000
0.8000000000
0.7500000000
0.5400000000
0.5500000000
0.5800000000
0.5800000000
0.8400000000
0.6400000000
0.5300000000
0.5700000000
0.5600000000
0.7800000000
0.7100000000
0.6100000000
0.8200000000
0.4800000000
0.5500000000
0.7700000000
0.6800000000
0.5500000000
0.6200000000
0.8400000000
0.6300000000
0.6300000000
0.5900000000
0.7600000000
0.7800000000
0.5900000000
0.6500000000
0.8300000000
0.8900000000
0.7700000000
0.7100000000
0.9000000000
0.6800000000
0.5800000000
0.6400000000
0.5300000000
0.7200000000
0.5700000000
0.7700000000
0.6800000000
0.5800000000
0.5900000000
0.7800000000
0.5200000000
0.6900000000
0.7300000000
0.5400000000
0.6000000000
0.7400000000
0.6900000000
0.5400000000
0.6900000000
0.5800000000
0.7200000000
0.7800000000
0.5400000000
0.5400000000
0.6200000000
0.6000000000
0.6200000000
0.5100000000
0.8200000000
0.7200000000
0.7400000000
0.7100000000
0.6900000000
0.5800000000
0.7000000000
0.5600000000
0.4800000000
0.8000000000
0.7300000000
0.5400000000
0.5700000000
0.5200000000
0.5900000000
0.5900000000
0.5300000000
0.7700000000
0.5600000000
0.8000000000
0.5700000000
0.6900000000
0.6300000000
0.5500000000
0.5300000000
0.8000000000
0.6400000000
0.8000000000
0.7300000000
0.6700000000
0.7300000000
0.8200000000
0.7000000000
0.6700000000
0.5900000000
0.7300000000
0.5900000000
0.7100000000
0.6500000000
0.6700000000
0.6400000000
0.6100000000
0.5400000000
0.6400000000
0.6900000000
0.5900000000
0.5800000000
0.6600000000
0.4800000000
0.7300000000
0.6800000000
0.5800000000
0.6800000000
0.6800000000
0.5500000000
0.7600000000
0.6600000000
0.7300000000
0.5500000000
0.6100000000
0.6200000000
0.6400000000
0.6500000000
0.7800000000
0.5400000000
0.5500000000
0.6400000000
0.4900000000
0.6800000000
0.5400000000
0.5400000000
0.6900000000
0.7800000000
0.6500000000
0.6500000000
0.6000000000
0.6700000000
0.7000000000
0.6300000000
0.6800000000
0.7400000000
0.7400000000
0.7600000000
0.6000000000
0.5700000000
0.9400000000
0.5500000000
0.7000000000
0.7900000000
0.7500000000
0.6300000000
0.5700000000
0.5600000000
0.5900000000
0.9000000000
0.7700000000
0.6600000000
0.8000000000
0.8200000000
0.7100000000
0.7300000000
0.6900000000
0.8400000000
0.7000000000
0.8500000000
0.6400000000
0.6500000000
0.5000000000
0.8100000000
0.8700000000
0.6900000000
0.8000000000
0.7200000000
0.5000000000
0.5100000000
0.6700000000
0.5800000000
0.5800000000
0.5600000000
0.6400000000
0.7600000000
0.5000000000
0.8600000000
0.5700000000
0.6900000000
0.7100000000
0.7600000000
0.5400000000
0.6800000000
0.7500000000
0.5700000000
0.7500000000
0.6200000000
0.7700000000
0.5900000000
0.8100000000
0.7700000000
0.6600000000
0.7900000000
0.8100000000
0.7500000000
0.6700000000
0.6700000000
0.5400000000
0.6100000000
0.6400000000
0.5700000000
0.7100000000
0.7500000000
0.6200000000
0.7200000000
0.6900000000
0.6300000000
0.5200000000
0.6600000000
0.8300000000
0.8100000000
0.6500000000
0.7300000000
0.8100000000
0.5600000000
0.6300000000
0.7000000000
0.5600000000
0.6100000000
0.4600000000
0.6100000000
0.6700000000
0.6000000000
0.5200000000
0.7300000000
0.8900000000
0.7100000000
0.8000000000
0.8700000000
0.7100000000
0.6400000000
0.6800000000
0.5300000000
0.9000000000
0.8400000000
0.5300000000
0.7100000000
0.7700000000
0.8800000000
0.6600000000
0.8500000000
0.7800000000
0.6300000000
