0.686787
0.597581
0.588780
0.644938
0.592816
0.659481
0.629117
0.613067
0.644094
0.664000
0.828809
0.960622
0.978161
0.950743
1.10351
0.749366
0.721960
0.767431
0.772964
0.841792
0.763558
0.780104
0.760272
0.746287
0.790174
0.553587
0.545623
0.563795
0.581822
0.517261
0.562513
0.562270
0.586070
0.562940
0.645690
0.930085
0.985790
0.896135
0.974434
0.983766
0.688916
0.828458
0.796439
0.692303
0.751126
0.827290
0.705353
0.667275
0.607334
0.636496
0.834473
0.805601
0.848680
0.797594
0.861431
0.592318
0.642957
0.587069
0.617188
0.635928
0.629966
0.667733
0.593344
0.598845
0.680208
0.645772
0.799879
0.842145
0.970357
1.02006
0.696702
0.705529
0.790747
0.816110
0.863532
0.629641
0.639932
0.522428
0.563349
0.522979
0.749785
0.672718
0.635785
0.600095
0.570622
0.715996
0.683494
0.669581
0.607529
0.606075
0.900726
0.810314
0.792802
0.724575
0.707368
0.467465
0.470874
0.530944
0.542353
0.535688
0.676442
0.626719
0.598883
0.665342
0.737550
0.834704
0.736697
0.641696
0.701294
0.742551
0.582562
0.592636
0.647256
0.615657
0.721991
0.627595
0.641105
0.625374
0.595316
0.550405
0.771571
0.742514
0.760219
0.818226
0.888644
0.847044
1.03797
1.09279
0.920450
0.800158
0.757671
0.682456
0.741611
0.765444
0.734733
0.913839
1.06298
1.04577
0.888338
0.643892
0.664343
0.669318
0.644553
0.725817
0.918392
1.01307
0.945823
0.865624
0.878787
0.649545
0.599595
0.659667
0.751969
0.676150
0.606079
0.665073
0.611108
0.727322
0.622881
0.651409
0.670406
0.662787
0.680787
0.700315
0.766515
0.669789
0.626363
0.679114
0.641243
0.723700
0.768457
0.816362
0.906435
0.864494
0.884126
0.780813
0.707036
0.587319
0.529105
0.582693
0.618147
0.650778
0.647063
0.680374
0.699393
0.724191
0.652653
0.560340
0.576888
0.621695
0.563199
0.616537
0.665170
0.752027
0.623046
0.589140
0.651620
0.673425
0.712428
0.700742
0.682021
0.780563
0.655724
0.668424
0.744995
0.779293
0.910779
1.01798
0.921519
0.913411
0.779136
0.737133
0.800734
0.709255
0.772648
0.819713
0.738978
0.520497
0.514950
0.491036
0.485764
0.487082
0.925096
0.959750
1.01024
0.868976
0.887235
0.881727
0.933479
0.939293
0.942065
0.855226
0.682222
0.711410
0.618082
0.639768
0.697681
0.710836
0.676881
0.604935
0.764304
0.755378
0.696142
0.771125
0.807819
0.800759
0.897924
0.642530
0.662141
0.805589
0.635307
0.616843
0.542812
0.560280
0.574990
0.732031
0.848461
0.854419
0.838123
1.02840
0.536587
0.557903
0.591008
0.589671
0.566314
0.798211
0.687399
0.725979
0.693827
0.666973
0.677548
0.743526
0.699549
0.677759
0.560636
0.997730
0.847563
0.755141
0.740665
0.714700
0.798979
0.788765
0.598812
0.596446
0.597374
0.548225
0.572123
0.706641
0.742762
0.607514
0.618000
0.688690
0.518667
0.543098
0.563276
0.588735
0.638175
0.765167
0.730852
0.679568
0.722473
0.629076
0.601364
0.615644
0.594081
0.733587
0.727047
0.610442
0.640316
0.610687
0.591858
0.824173
0.761823
0.865665
0.856208
0.983431
0.708747
0.745840
0.781424
0.826006
0.859379
0.734770
0.712458
0.753857
0.730086
0.674546
0.448156
0.448080
0.463871
0.511692
0.543775
0.729881
0.723135
0.733283
0.674579
0.703777
0.664761
0.812088
0.862054
0.477517
0.501926
0.523831
0.526207
0.789437
0.772637
0.664438
0.666707
0.568724
0.506651
0.516875
0.512696
0.560596
0.566820
0.498853
0.513315
0.546526
0.530860
0.621597
0.632807
0.604048
0.588688
0.592252
0.615673
0.683299
0.926807
0.895388
0.510523
0.571918
0.544214
0.530020
0.431483
0.724679
0.648432
0.592709
0.605859
0.541655
0.667076
0.621913
0.638069
0.601689
0.633293
0.858155
0.845016
0.714187
0.684569
0.654905
0.620903
0.746118
0.646886
0.552351
0.559296
0.802030
0.720116
0.796214
0.747443
0.709229
0.993905
0.831069
0.871797
0.869431
0.815253
0.744466
0.684200
0.869771
0.669599
0.888822
0.770532
0.766374
0.541501
0.566658
0.536563
0.588042
0.550727
0.932832
0.837902
0.829023
0.816617
0.706496
0.634538
0.685028
0.735422
0.796500
0.772214
0.748076
0.695596
0.777742
0.906191
0.849602
0.653417
0.605548
0.711003
0.666890
0.675524
0.754713
0.612886
0.603823
0.661154
0.671980
0.954825
0.810807
0.896666
0.794270
0.786116
0.601667
0.580395
0.585593
0.586658
0.546419
0.573454
0.590087
0.619316
0.677152
0.688617
0.712178
0.866594
0.892496
0.918490
0.481815
0.548167
0.521045
0.497425
0.637854
0.623008
0.624490
0.628631
0.642978
0.701339
0.696806
0.709888
0.720519
0.669242
0.631363
0.612239
0.588162
0.545158
0.532235
0.584531
0.673307
0.691253
0.605982
0.621988
0.616317
0.674938
0.727671
0.764657
0.798336
0.884792
0.799132
0.685756
0.820667
0.752600
0.764852
0.807760
0.736401
0.820910
0.733997
0.660717
0.570068
0.591751
0.559788
0.611707
0.649047
0.596067
0.735946
0.685676
0.599324
0.646665
0.520388
0.549043
0.512357
0.480667
0.589445
0.509138
0.575410
0.525554
0.618178
0.598411
0.680180
0.635090
0.630375
0.701610
0.643452
0.669741
0.850931
0.732444
0.738472
0.804347
0.598984
0.577968
0.537026
0.580834
0.553338
0.735741
0.639672
0.629543
0.588870
0.546851
0.627286
0.609134
0.613873
0.683972
0.638835
0.571554
0.582439
0.659429
0.712484
0.773970
0.632807
0.626747
0.662748
0.687285
0.734299
0.732078
0.828061
0.824998
0.837206
0.733433
0.876652
0.984780
0.881594
0.899650
0.933269
0.593634
0.598298
0.617478
0.620187
0.590451
0.839055
0.793533
0.866663
0.873658
0.784439
0.500047
0.569576
0.524290
0.576520
0.591067
0.594327
0.592363
0.571421
0.571815
0.588511
0.852485
0.842011
0.761827
0.781193
0.812063
0.558669
0.586939
0.509532
0.537936
0.566080
0.533379
0.714563
0.825699
0.627101
0.599938
0.736974
0.730058
0.622337
0.684972
0.676800
0.674781
0.693502
0.617888
0.672138
0.638157
0.702282
0.688356
0.668274
0.702051
0.641778
0.488817
0.510000
0.447195
0.491788
0.466166
0.497848
0.548377
0.503253
0.531359
0.525389
0.766468
0.757973
0.785615
0.831202
0.799331
0.685647
0.750066
0.900155
0.827594
0.762500
0.537770
0.569377
0.595042
0.609251
0.562415
0.589942
0.555758
0.535482
0.563095
0.644900
0.560341
0.593365
0.612730
0.611787
0.648008
0.567398
0.546049
0.629707
0.661675
0.830090
0.882108
0.863861
0.799326
0.711794
0.646559
0.608993
0.526020
0.504255
0.532917
0.534955
0.627778
0.573531
0.560492
0.582855
0.626672
0.560578
0.485770
0.693014
0.618418
0.581183
0.691571
0.793656
0.733629
0.851153
0.871992
0.713140
0.668481
0.689780
0.751686
0.816550
0.634547
0.693765
0.672883
0.623170
0.561611
0.789656
0.780404
0.877069
0.807083
0.863825
0.511006
0.468010
0.487693
0.488119
0.511835
0.525939
0.522777
0.545699
0.569175
0.596036
0.920318
0.772125
0.761624
0.760522
0.766125
0.655308
0.658490
0.700562
0.719687
0.755721
0.529484
0.546854
0.570842
0.610377
0.582863
0.659532
0.604407
0.636004
0.650766
0.678261
0.752817
0.866757
0.963850
0.972823
0.944956
0.804571
0.637539
0.622182
0.570290
0.605240
0.715763
0.622071
0.629054
0.636251
0.615908
0.617548
0.573251
0.594758
0.611640
0.745402
0.732310
0.765541
0.876089
0.763466
0.741080
0.741882
0.722365
0.912203
0.911165
0.649857
0.595313
0.579766
0.550215
0.562513
0.680030
0.651012
0.652544
0.656819
0.643620
0.854543
0.797807
0.850573
0.838105
0.849257
0.999709
0.954966
0.936982
0.829586
0.818935
0.771141
0.745717
0.856690
0.761330
0.788277
0.730684
0.716124
0.699555
0.741079
0.688713
0.806913
0.985045
1.02328
0.898174
0.979187
0.668363
0.651508
0.649400
0.859802
0.786256
0.566309
0.589504
0.630467
0.652634
0.615284
0.604898
0.620438
0.651319
0.663052
0.673799
0.569973
0.564100
0.516990
0.541287
0.535441
0.735369
0.766354
0.767218
0.780479
0.792692
0.579784
0.574100
0.584445
0.595309
0.618837
0.719054
0.736597
0.793687
0.870886
0.929454
0.755739
0.672779
0.666660
0.714093
0.691197
0.609685
0.609230
0.731456
0.635846
0.525998
0.646247
0.623603
0.587288
0.635008
0.570230
0.754726
0.739155
0.806658
0.771358
0.995269
0.547568
0.536781
0.510980
0.542175
0.529256
0.695195
0.685559
0.755107
0.748121
0.703756
0.711937
0.706907
0.732821
0.704653
0.789192
0.584043
0.548081
0.558779
0.508054
0.592388
0.586637
0.637383
0.653005
0.661465
0.618611
0.742216
0.701972
0.767486
0.807991
0.808663
0.782634
0.719361
0.622867
0.705466
0.639711
0.565595
0.574780
0.562542
0.579856
0.585060
0.744229
0.643637
0.756581
0.684445
0.796778
0.729176
0.608662
0.641608
0.634619
0.644379
0.804535
0.765845
0.740807
0.692615
0.713416
0.763387
0.742874
0.720958
0.866842
0.900218
0.532108
0.552005
0.591616
0.609717
0.591810
0.583073
0.516441
0.532002
0.539667
0.550669
0.585265
0.530320
0.675306
0.754135
0.715438
0.645434
0.641367
0.605265
0.671830
0.554954
0.651716
0.614273
0.619441
0.708329
0.580450
0.508659
0.508221
0.486282
0.579582
0.611080
0.786163
0.813258
0.830548
0.885804
0.857390
0.750315
0.857091
0.712158
0.689119
0.681600
0.758202
0.758199
0.727296
0.818238
0.793791
0.662701
0.683576
0.697350
0.816811
0.801364
0.752654
0.725884
0.664902
0.775060
0.767531
0.640769
0.639893
0.582167
0.591382
0.579996
0.718386
0.782989
0.689979
0.690563
0.746523
0.582122
0.567237
0.576971
0.615275
0.616448
0.505646
0.470000
0.451835
0.499169
0.511760
0.985320
0.905819
0.835466
0.788826
0.759371
0.686179
0.689948
0.712156
0.755710
0.800862
0.589576
0.620975
0.588633
0.611644
0.528564
0.636130
0.587157
0.535830
0.593034
0.596942
0.515325
0.521642
0.502571
0.513351
0.543306
0.573953
0.614291
0.588776
0.619693
0.689937
0.654727
0.588329
0.622925
0.573033
0.580336
0.573745
0.607857
0.501306
0.518926
0.509686
0.779185
0.793323
0.813001
0.726158
0.780331
0.547809
0.577692
0.639903
0.732542
0.768504
0.938270
0.909273
0.885377
0.517575
0.553098
0.571953
0.660598
0.595116
0.729148
0.720878
0.712117
0.710033
0.777741
0.630174
0.651041
0.602705
0.695898
0.665472
0.531920
0.561464
0.590706
0.581494
0.577917
0.587209
0.580324
0.540287
0.534267
0.534011
0.772721
0.861127
0.834534
0.802403
0.784492
0.654809
0.655402
0.636709
0.665562
0.677724
0.744064
0.838630
0.837618
0.866024
0.835229
0.687090
0.719522
0.802653
0.849117
0.586259
0.725544
0.629127
0.741423
0.868976
0.714079
0.749240
0.750647
0.738939
0.724625
0.801386
0.856338
0.820626
0.899308
0.815459
0.784239
0.745256
0.702180
0.718973
0.664847
0.754587
0.699761
0.676166
0.689154
0.645578
0.599468
0.591197
0.615713
0.563982
0.592935
0.775722
0.756049
0.735223
0.779756
0.683347
0.624347
0.577582
0.651739
0.613180
0.605865
0.820639
0.704814
0.698032
0.829713
0.611633
0.658889
0.655098
0.689339
0.669830
0.633206
0.770767
0.716167
0.706605
0.696072
0.676996
0.612398
0.660538
0.624978
0.669016
0.681215
0.605456
0.582518
0.601179
0.617712
0.580085
0.547996
0.540013
0.563779
0.634437
0.538844
0.611845
0.620596
0.715380
0.690678
0.680899
0.717409
0.718591
0.743432
0.739779
0.586622
0.571860
0.567073
0.594802
0.611988
0.659971
0.596429
0.590468
0.633789
0.589087
0.752744
0.734204
0.704524
0.712408
0.664570
0.699653
0.518504
0.516641
0.521015
0.521391
0.488023
0.879643
0.718493
0.674319
0.729285
0.700972
0.669427
0.647461
0.642354
0.810398
0.824746
0.535303
0.594605
0.580418
0.602771
0.662470
0.723501
0.739145
0.688487
0.713443
0.666976
0.739843
0.716330
0.681752
0.699927
0.651117
0.546211
0.577622
0.526272
0.606535
0.628889
0.745904
0.866179
0.804037
0.758080
0.749824
0.654630
0.667128
0.687676
0.718603
0.894156
0.732628
0.727028
0.693765
0.800493
0.793953
0.574185
0.562009
0.535109
0.601918
0.597344
0.652947
0.665696
0.602104
0.617459
0.612789
0.553336
0.590421
0.639673
0.725432
0.725787
0.685182
0.614661
0.651340
0.624285
0.718471
0.649889
0.657076
0.702636
0.678844
0.669336
0.840897
0.793985
0.763545
0.778907
0.822949
0.577974
0.566085
0.525115
0.668037
0.528726
0.546605
0.560370
0.543507
0.640183
0.616728
0.735029
0.678189
0.653849
0.662207
0.621652
0.475123
0.478222
0.535595
0.566842
0.511006
0.772470
0.677946
0.654019
0.709162
0.718792
0.574547
0.573989
0.560449
0.599722
0.503245
0.563199
0.535749
0.571983
0.551917
0.524025
0.716832
0.685921
0.700092
0.718941
0.706514
0.739905
0.846246
0.779763
0.847644
0.834673
0.602908
0.718252
0.775634
0.628056
0.662414
0.679443
0.671618
0.631645
0.694429
0.671972
0.614058
0.603180
0.631300
0.648569
0.575592
0.769783
0.692507
0.692177
0.717810
0.637471
0.777095
0.783380
0.629226
0.697073
0.732007
0.674644
0.648911
0.635963
0.597468
0.703774
0.710520
0.696039
0.647543
0.730726
0.721828
0.819881
0.774409
0.743459
0.800541
0.846924
0.697872
0.798780
0.823118
0.772960
0.739504
0.751210
0.749584
0.856106
0.698574
0.673132
0.682243
0.627385
0.584050
0.610825
0.589360
0.666939
0.568618
0.896475
1.03724
1.03261
0.934184
0.857674
0.566915
0.527653
0.504973
0.572453
0.596758
0.813707
0.724550
0.762898
0.739020
0.672281
0.770277
0.770108
0.788068
0.847255
0.895963
0.771599
0.744612
0.749518
0.746379
0.836047
0.646212
0.694228
0.689494
0.710749
0.709133
0.592530
0.593876
0.566611
0.628561
0.607333
0.599246
0.620376
0.609754
0.563913
0.588172
0.608662
0.643987
0.614484
0.637659
0.579177
0.794286
0.930316
0.964542
1.06330
0.906404
0.951148
0.849272
0.851893
0.813306
0.778578
0.622501
0.737763
0.693576
0.716210
0.888548
0.812169
0.797025
0.762282
0.818827
0.856236
0.839944
0.834467
0.905888
0.770732
0.673575
0.727151
0.699313
0.725159
0.935130
0.897347
0.737962
0.703581
0.783162
0.727536
0.666224
0.677922
0.790161
0.847461
0.725787
0.917056
0.852397
0.839477
0.886527
0.871470
0.763671
0.716656
0.732516
0.696343
0.663740
0.704949
0.803544
0.942436
0.586118
0.729749
0.711591
0.675752
0.645300
0.691840
0.671674
0.691108
0.712852
0.674212
0.506564
0.553254
0.514108
0.532828
0.560944
0.830257
0.878734
0.923158
0.833868
0.785979
0.910079
0.826949
0.833569
0.896957
0.928869
0.651773
0.738878
0.749943
0.697358
0.743598
0.801419
0.712696
0.797247
0.926189
0.911452
0.681520
0.738112
0.739605
0.764018
0.795968
0.527390
0.498592
0.513607
0.520715
0.499526
0.550463
0.495831
0.510500
0.547320
0.517744
0.689792
0.671182
0.661559
0.710236
0.749228
0.555942
0.607995
0.609186
0.662755
0.599677
0.637976
0.548235
0.555646
0.672998
0.598604
0.594524
0.565259
0.558900
0.593726
0.560851
0.674131
0.641767
0.661685
0.683426
0.643259
0.756855
0.786971
0.750654
0.796273
0.797417
0.505307
0.488951
0.507882
0.591887
0.524268
0.801848
0.843387
0.794603
0.866839
0.903987
0.563927
0.579662
0.623897
0.623948
0.617189
0.791029
0.716249
0.687558
0.720308
0.742748
0.719863
0.708157
0.733840
0.758498
0.711781
0.927824
0.793948
0.727101
0.693172
0.784314
0.530647
0.588037
0.551646
0.523629
0.577351
0.786893
0.708803
0.753444
0.684941
0.765421
0.742619
0.771826
0.710137
0.782817
0.783112
0.518690
0.582772
0.582768
0.601214
0.574840
0.752043
0.768335
0.815823
0.754433
0.725277
0.641207
0.641347
0.666261
0.691449
0.673992
0.779052
0.781861
0.828906
0.797767
0.745846
0.679489
0.654043
0.643192
0.656617
0.663800
0.800503
0.837997
0.860295
0.933316
0.840812
0.925651
0.846100
0.909651
0.898560
0.687621
0.604608
0.773744
0.959331
0.851874
0.736880
0.793931
0.763849
0.878420
0.818803
0.800157
0.789757
0.828295
0.658479
0.726330
0.779090
0.858883
0.971598
0.713215
0.684879
0.710526
0.655088
0.662014
0.620009
0.631466
0.749096
0.703619
0.807682
0.544560
0.530494
0.517025
0.659842
0.605120
0.580987
0.671278
0.645173
0.603233
0.548521
0.693095
0.658134
0.728250
0.706246
0.615973
0.627237
0.679248
0.573202
0.639181
0.650835
0.671297
0.706100
0.720045
0.743247
0.658864
0.656910
0.655813
0.818260
0.856408
0.552817
0.592814
0.717633
0.620611
0.650887
0.859979
0.750230
0.706183
0.722172
0.748993
0.702726
0.678504
0.670052
0.705005
0.868733
0.636466
0.614399
0.716703
0.703465
0.720941
0.576649
0.602911
0.592826
0.589482
0.568869
0.801423
0.732587
0.667854
0.665682
0.723577
0.818148
0.877492
0.952861
0.978927
0.998779
0.797777
0.760931
0.822937
0.832022
0.913621
0.649539
0.660190
0.727194
0.685977
0.642850
0.709492
0.696618
0.769120
0.919514
0.819436
0.673067
0.891815
0.859990
0.868624
1.04942
0.656601
0.681955
0.590076
0.615265
0.636460
0.623437
0.635952
0.693495
0.740175
0.721233
0.693626
0.715258
0.698398
0.619798
0.590209
0.601080
0.588630
0.587681
0.655064
0.582920
0.720315
0.603610
0.622124
0.532974
0.496932
0.509307
0.505960
0.528542
0.681521
0.640103
0.574261
0.636812
0.627989
0.641216
0.730518
0.724352
0.712010
0.714695
0.599580
0.626485
0.649243
0.620628
0.606030
0.559935
0.532956
0.590644
0.607035
0.633410
0.831130
0.768841
0.837134
0.727807
0.745619
0.874121
0.900340
0.962703
0.918812
0.926223
0.714340
0.710008
0.794035
0.792468
0.732382
0.918380
0.879209
0.836893
0.822571
0.732940
0.782606
0.829284
0.913456
0.988149
0.715587
0.731357
0.793068
0.712314
0.660036
0.678239
0.647011
0.648279
0.639434
0.631483
0.758761
0.708462
0.671536
0.713645
0.692816
0.539465
0.539078
0.593077
0.517186
0.524551
0.911255
0.879377
0.958507
0.918793
0.906172
0.762338
0.857656
0.906824
0.891650
0.920351
0.632728
0.584057
0.631590
0.617401
0.604793
0.731245
0.692530
0.737103
0.756645
0.752136
0.784585
0.821084
0.792614
0.767065
0.790614
0.850777
0.893774
0.929131
0.936456
0.886551
0.636747
0.662668
0.677537
0.744878
0.756356
0.859590
0.880625
0.838104
0.876124
0.843461
0.807783
0.857975
0.992342
0.822659
0.711480
0.708410
0.599166
0.655994
0.674295
0.680639
