run_11_08_f 23.51 -0.40 0.01
run_11_08_f 23.51 -0.40 0.01
run_11_08_n 23.54 -0.40 0.00
run_11_09_f
run_11_09_n 23.52 -0.40 0.01
run_11_10_f 23.49 -0.40 0.00
run_11_10_n 23.51 -0.40 0.01
run_11_11_f 23.46 -0.40 0.04
run_11_11_n 23.52 -0.40 0.01
run_11_12_f 23.46 -0.40 0.01
run_11_12_n 23.51 -0.40 0.01
run_11_13_n 23.45 -0.40 0.02
run_12_01_f 23.45 -0.40 0.02
run_12_02_f 23.44 -0.40 -0.01
run_12_02_n 23.48 -0.40 0.00
run_12_03_f 23.46 -0.40 -0.00
run_12_03_n 23.47 -0.40 0.00
run_12_04_f 23.46 -0.40 0.01
run_12_04_n 23.48 -0.40 0.00
run_12_05_f 23.44 -0.40 0.01
run_12_05_n 23.48 -0.40 0.01
run_12_06_f 23.47 -0.40 0.00
run_12_06_n 23.47 -0.40 0.02
run_12_07_f 23.42 -0.40 0.00
run_12_07_n 23.46 -0.40 0.01
run_12_08_f 23.42 -0.40 0.02
run_12_08_n 23.47 -0.40 0.01
run_12_09_f 23.42 -0.40 0.01
run_12_09_n 23.44 -0.40 0.02
run_12_10_f 23.44 -0.40 0.01
run_12_10_n 23.46 -0.40 0.00
run_12_11_f 23.42 -0.40 0.01
run_12_11_n 23.45 -0.40 0.01
run_12_12_f 23.43 -0.40 -0.01
run_12_12_n 23.44 -0.40 0.01
run_12_13_f 23.47 -0.40 0.01
run_12_13_n 23.51 -0.40 0.01
run_13_01_f 23.49 -0.40 0.01
run_13_01_n 23.49 -0.40 0.02
run_13_02_f 23.43 -0.40 0.02
run_13_02_n 23.49 -0.40 0.01
run_13_03_f 23.48 -0.40 0.00
run_13_03_n 23.51 -0.40 0.02
run_13_04_f 23.50 -0.40 0.00
run_13_04_n 23.49 -0.40 0.02
run_13_05_f 23.47 -0.40 0.02
run_13_05_n 23.47 -0.40 0.02
run_13_06_f 23.50 -0.40 0.02
run_13_06_n 23.45 -0.40 0.01
run_13_07_f 23.44 -0.40 0.02
run_13_07_n 23.49 -0.40 0.00
run_13_08_f 23.44 -0.40 0.02
run_13_08_n 23.37 -0.40 0.02
run_13_09_f 23.47 -0.40 0.01
run_13_09_n 23.47 -0.40 -0.05
run_13_10_f 23.45 -0.40 0.01
run_13_10_n 23.46 -0.40 0.00
run_13_11_f 23.44 -0.40 0.01
run_13_11_n 23.46 -0.40 0.00
run_13_12_n
