run_11_08_f 23.11 -0.03 0.03
run_11_08_n 23.05 -0.03 0.11
run_11_09_f
run_11_09_n 23.07 -0.03 0.03
run_11_10_f 23.07 -0.03 0.04
run_11_10_n 23.06 -0.03 -0.02
run_11_11_f 23.07 -0.03 0.03
run_11_11_n 23.03 -0.03 0.04
run_11_12_f 23.00 -0.03 0.04
run_11_12_n 23.05 -0.03 -0.03
run_11_13_n 23.06 -0.03 -0.17
run_12_01_f 23.01 -0.03 -0.06
run_12_02_f 23.00 -0.03 -0.27
run_12_02_n 23.03 -0.03 -0.11
run_12_03_f 22.97 -0.03 -0.06
run_12_03_n 22.99 -0.03 -0.17
run_12_04_f 22.99 -0.03 -0.04
run_12_04_n 22.97 -0.03 -0.04
run_12_05_f 23.01 -0.03 -0.09
run_12_05_n 23.01 -0.03 -0.11
run_12_06_f 22.99 -0.03 0.02
run_12_06_n 23.00 -0.03 -0.02
run_12_07_f 23.08 -0.03 0.00
run_12_07_n 22.99 -0.03 0.01
run_12_08_f 22.99 -0.03 0.05
run_12_08_n 23.01 -0.03 0.02
run_12_09_f 22.62 -0.03 -9.54
run_12_09_n 21.78 -0.03 -3.92
run_12_10_f 23.02 -0.03 0.05
run_12_10_n 22.99 -0.03 0.06
run_12_11_f 22.99 -0.03 0.04
run_12_11_n 23.00 -0.03 0.04
run_12_12_f 23.03 -0.03 0.01
run_12_12_n 22.99 -0.03 0.03
run_12_13_f 23.08 -0.03 0.00
run_12_13_n 23.07 -0.03 -0.13
run_13_01_f 21.49 -0.03 1.12
run_13_01_n 23.06 -0.03 -0.10
run_13_02_f 23.04 -0.03 -0.15
run_13_02_n 23.05 -0.03 -0.10
run_13_03_f 23.02 -0.03 0.01
run_13_03_n 23.06 -0.03 -0.07
run_13_04_f 23.05 -0.03 -0.05
run_13_04_n 23.06 -0.03 -0.03
run_13_05_f 23.06 -0.03 -0.40
run_13_05_n 23.05 -0.03 0.03
run_13_06_f 23.04 -0.03 -0.00
run_13_06_n 23.07 -0.03 -0.01
run_13_07_f 23.01 -0.03 0.00
run_13_07_n
run_13_08_f 23.05 -0.03 0.03
run_13_08_n 23.07 -0.03 0.03
run_13_09_f 23.05 -0.03 0.06
run_13_09_n 22.99 -0.03 -0.01
run_13_10_f 23.04 -0.03 0.00
run_13_10_n 23.03 -0.03 0.06
run_13_11_f 23.04 -0.03 0.04
run_13_11_n 23.01 -0.03 -0.01
run_13_12_n
