run_11_08_f 25.00 -0.15 0.05
run_11_08_n 24.99 -0.15 0.05
run_11_09_f
run_11_09_n 25.00 -0.15 0.06
run_11_10_f 24.99 -0.15 0.04
run_11_10_n 25.00 -0.15 0.04
run_11_11_f 25.02 -0.15 0.04
run_11_11_n 25.03 -0.15 0.03
run_11_12_f 25.02 -0.15 0.02
run_11_12_n 25.01 -0.15 0.03
run_11_13_n 25.01 -0.15 0.01
run_12_01_f 25.00 -0.15 0.01
run_12_02_f 24.96 -0.15 0.01
run_12_02_n 25.01 -0.15 0.01
run_12_03_f 24.96 -0.15 0.03
run_12_03_n 24.98 -0.15 0.02
run_12_04_f 24.96 -0.15 0.04
run_12_04_n 24.98 -0.15 0.03
run_12_05_f 24.96 -0.15 0.04
run_12_05_n 24.98 -0.15 0.04
run_12_06_f 24.97 -0.15 0.04
run_12_06_n 24.97 -0.15 0.04
run_12_07_f 25.37 -0.15 0.06
run_12_07_n 24.96 -0.15 0.05
run_12_08_f 24.92 -0.15 0.05
run_12_08_n 24.99 -0.15 0.05
run_12_09_f 24.94 -0.15 0.05
run_12_09_n 24.94 -0.15 0.04
run_12_10_f 24.96 -0.15 0.02
run_12_10_n 24.97 -0.15 0.05
run_12_11_f 24.95 -0.15 0.02
run_12_11_n 24.98 -0.15 0.05
run_12_12_f 24.96 -0.15 0.04
run_12_12_n 24.96 -0.15 0.04
run_12_13_f 25.01 -0.15 0.04
run_12_13_n 25.03 -0.15 0.01
run_13_01_f 25.01 -0.15 0.02
run_13_01_n 25.02 -0.15 0.03
run_13_02_f 25.02 -0.15 0.00
run_13_02_n 25.04 -0.15 0.01
run_13_03_f 25.01 -0.15 0.03
run_13_03_n 25.04 -0.15 0.03
run_13_04_f 25.00 -0.15 0.03
run_13_04_n 25.00 -0.15 0.05
run_13_05_f 25.01 -0.15 0.04
run_13_05_n 24.99 -0.15 0.05
run_13_06_f 24.98 -0.15 0.05
run_13_06_n 24.99 -0.15 0.05
run_13_07_f 24.96 -0.15 0.05
run_13_07_n 28.66 -0.15 -10.04
run_13_08_f 24.93 -0.15 0.08
run_13_08_n 24.97 -0.15 0.06
run_13_09_f 24.97 -0.15 0.04
run_13_09_n 24.96 -0.15 0.05
run_13_10_f 24.99 -0.15 0.02
run_13_10_n 24.97 -0.15 0.03
run_13_11_f 24.96 -0.15 0.03
run_13_11_n 24.97 -0.15 0.02
run_13_12_n
