run_11_08_f 24.38 -0.04 0.04
run_11_08_n 24.37 -0.04 0.04
run_11_09_f
run_11_09_n 24.35 -0.04 0.05
run_11_10_f 24.34 -0.04 0.04
run_11_10_n 24.34 -0.04 0.04
run_11_11_f 24.35 -0.04 0.01
run_11_11_n 24.35 -0.04 0.04
run_11_12_f 24.35 -0.04 -0.01
run_11_12_n 24.34 -0.04 0.01
run_11_13_n 24.32 -0.04 -0.03
run_12_01_f 24.30 -0.04 0.01
run_12_02_f 24.23 -0.04 0.07
run_12_02_n 24.34 -0.04 -0.04
run_12_03_f 24.28 -0.04 0.01
run_12_03_n 24.30 -0.04 -0.09
run_12_04_f 24.29 -0.04 0.03
run_12_04_n 24.29 -0.04 0.00
run_12_05_f 24.29 -0.04 0.02
run_12_05_n 24.33 -0.04 -0.04
run_12_06_f 24.31 -0.04 0.04
run_12_06_n 24.29 -0.04 0.04
run_12_07_f 24.29 -0.04 0.04
run_12_07_n 24.30 -0.04 0.04
run_12_08_f 24.29 -0.04 0.05
run_12_08_n 24.31 -0.04 0.05
run_12_09_f 24.27 -0.04 0.04
run_12_09_n 24.31 -0.04 0.05
run_12_10_f 24.29 -0.04 0.04
run_12_10_n 24.30 -0.04 0.06
run_12_11_f 24.25 -0.04 0.04
run_12_11_n 24.27 -0.04 0.06
run_12_12_f 24.30 -0.04 0.03
run_12_12_n 24.28 -0.04 -0.00
run_12_13_f 24.35 -0.04 -0.03
run_12_13_n 24.35 -0.04 -0.03
run_13_01_f 24.34 -0.04 0.02
run_13_01_n 24.36 -0.04 -0.11
run_13_02_f 24.31 -0.04 0.02
run_13_02_n 24.34 -0.04 -0.03
run_13_03_f 24.29 -0.04 0.04
run_13_03_n 24.32 -0.04 -0.01
run_13_04_f 24.30 -0.04 0.04
run_13_04_n 24.33 -0.04 0.01
run_13_05_f 24.33 -0.04 0.04
run_13_05_n 24.35 -0.04 0.04
run_13_06_f 24.33 -0.04 0.04
run_13_06_n 24.34 -0.04 0.03
run_13_07_f 24.33 -0.04 0.03
run_13_07_n 24.31 -0.04 0.04
run_13_08_f 24.31 -0.04 0.04
run_13_08_n 24.37 -0.04 0.04
run_13_09_f 24.33 -0.04 0.05
run_13_09_n 24.32 -0.04 0.05
run_13_10_f 24.30 -0.04 0.02
run_13_10_n 24.28 -0.04 0.06
run_13_11_f 24.31 -0.04 0.06
run_13_11_n 24.31 -0.04 0.02
run_13_12_n
