run_11_08_f 24.83 -0.10 0.06
run_11_08_n 24.83 -0.10 0.06
run_11_09_f
run_11_09_n 24.81 -0.10 0.07
run_11_10_f 24.83 -0.10 0.05
run_11_10_n 24.81 -0.10 0.06
run_11_11_f 24.80 -0.10 0.06
run_11_11_n 24.81 -0.10 0.05
run_11_12_f 24.81 -0.10 0.05
run_11_12_n 24.81 -0.10 0.04
run_11_13_n 24.78 -0.10 0.02
run_12_01_f 24.78 -0.10 0.03
run_12_02_f 24.78 -0.10 0.01
run_12_02_n 24.81 -0.10 0.03
run_12_03_f 24.77 -0.10 0.03
run_12_03_n 24.74 -0.10 0.04
run_12_04_f 24.76 -0.10 0.05
run_12_04_n 24.77 -0.10 0.04
run_12_05_f 24.76 -0.10 0.06
run_12_05_n 24.77 -0.10 0.04
run_12_06_f 24.76 -0.10 0.05
run_12_06_n 24.77 -0.10 0.06
run_12_07_f 24.75 -0.10 0.06
run_12_07_n 24.77 -0.10 0.05
run_12_08_f 24.73 -0.10 0.08
run_12_08_n 24.76 -0.10 0.06
run_12_09_f 24.74 -0.10 0.06
run_12_09_n 24.75 -0.10 0.06
run_12_10_f 24.74 -0.10 0.06
run_12_10_n 24.76 -0.10 0.06
run_12_11_f 24.73 -0.10 0.06
run_12_11_n 24.75 -0.10 0.05
run_12_12_f 24.77 -0.10 0.05
run_12_12_n 24.74 -0.10 0.04
run_12_13_f 24.82 -0.10 0.06
run_12_13_n 24.83 -0.10 0.04
run_13_01_f -1 -1 -1
run_13_01_n 24.85 -0.10 0.01
run_13_02_f 24.83 -0.10 0.02
run_13_02_n 24.84 -0.10 0.03
run_13_03_f 24.83 -0.10 0.04
run_13_03_n 24.82 -0.10 0.05
run_13_04_f 24.82 -0.10 0.04
run_13_04_n 24.82 -0.10 0.05
run_13_05_f 24.83 -0.10 0.01
run_13_05_n 24.82 -0.10 0.06
run_13_06_f 24.78 -0.10 0.06
run_13_06_n 24.28 -0.10 -2.19
run_13_07_f 24.80 -0.10 0.06
run_13_07_n 24.81 -0.10 0.03
run_13_08_f 24.75 -0.10 0.08
run_13_08_n 24.82 -0.10 0.05
run_13_09_f 24.78 -0.10 0.07
run_13_09_n 24.74 -0.10 0.09
run_13_10_f 24.78 -0.10 0.05
run_13_10_n 24.77 -0.10 0.06
run_13_11_f 24.79 -0.10 0.05
run_13_11_n 24.79 -0.10 0.05
run_13_12_n
