0.617048
0.590682
0.611634
0.622154
0.605021
0.659481
0.629117
0.613067
0.644094
0.664000
0.727941
0.772181
0.710819
0.738739
0.736841
0.880917
0.813134
0.839048
0.747361
0.809613
0.749366
0.721960
0.767431
0.772964
0.841959
0.553421
0.545623
0.563795
0.581822
0.517261
0.562513
0.562270
0.586070
0.562940
0.645690
0.990621
0.933377
0.947390
0.960825
0.935112
0.930085
0.985790
0.896135
0.974434
0.983766
0.688916
0.828458
0.796439
0.692303
0.751126
0.827290
0.705353
0.667275
0.607334
0.636496
0.933699
0.806738
0.826950
0.817322
0.783941
0.834473
0.805601
0.848680
0.797594
0.861431
0.592318
0.642957
0.587069
0.617188
0.635928
0.629966
0.667733
0.593344
0.598845
0.680208
0.645772
0.799879
0.842145
0.970357
1.01940
0.696702
0.705529
0.790747
0.816110
0.863532
0.629641
0.639932
0.521864
0.563349
0.522979
0.749785
0.673468
0.635879
0.600095
0.570622
0.658269
0.558178
0.593736
0.662724
0.636189
0.715996
0.683494
0.669581
0.607529
0.606075
0.900726
0.810314
0.792802
0.724575
0.707368
0.467465
0.470874
0.530944
0.542353
0.535688
0.676442
0.626719
0.598883
0.665342
0.737550
0.834704
0.736697
0.641696
0.701294
0.742551
0.582562
0.592636
0.647256
0.615657
0.721991
0.627595
0.641105
0.625374
0.595316
0.550405
0.771571
0.742514
0.760219
0.818226
0.712707
0.894433
0.977954
0.921313
0.805967
0.800451
0.819439
0.866755
0.848021
0.848080
0.800158
0.757671
0.682456
0.741611
0.765444
0.734733
0.913839
1.06298
1.04577
0.888338
0.643892
0.664360
0.669318
0.644461
0.725817
0.649545
0.599595
0.659667
0.751969
0.676150
0.606079
0.665073
0.611108
0.727322
0.622881
0.651409
0.670406
0.662787
0.680787
0.700315
0.723700
0.768457
0.816362
0.906435
0.864494
0.659397
0.629414
0.647175
0.673859
0.641258
0.587319
0.529105
0.582693
0.618147
0.650778
0.647063
0.680374
0.699393
0.724191
0.652653
0.628929
0.630926
0.606719
0.691185
0.629604
0.665170
0.752027
0.623046
0.589140
0.651620
0.673425
0.712428
0.700742
0.682021
0.780563
1.01798
0.921519
0.913411
0.779136
0.736361
0.800734
0.709255
0.772648
0.819713
0.738978
0.520497
0.514950
0.490934
0.485764
0.487082
0.881727
0.933479
0.939293
0.941686
0.855226
0.682222
0.711410
0.618082
0.639768
0.698920
0.710836
0.676459
0.604935
0.764304
0.755378
0.696142
0.771125
0.807819
0.800759
0.897924
0.642530
0.662141
0.805589
0.635307
0.616843
0.627025
0.542812
0.560280
0.574990
0.732031
0.848461
0.854419
0.838123
1.02840
0.536587
0.557903
0.591008
0.589671
0.566314
0.997730
0.847749
0.755141
0.740665
0.598812
0.596446
0.597374
0.548225
0.572123
0.706641
0.742762
0.607514
0.618000
0.688690
0.518667
0.542944
0.563276
0.588676
0.638175
0.641303
0.660629
0.648030
0.729484
0.688852
0.568724
0.506651
0.516875
0.512696
0.560980
0.566820
0.498853
0.513315
0.546526
0.530860
0.621597
0.632807
0.604048
0.588688
0.590918
0.615673
0.683299
0.926807
0.895388
0.510523
0.571918
0.544214
0.530020
0.431483
0.724679
0.648432
0.592709
0.605859
0.541655
0.667076
0.621913
0.638069
0.601689
0.633293
0.858155
0.845016
0.714187
0.684569
0.654905
0.802030
0.720116
0.796214
0.747443
0.709229
0.993905
0.831069
0.871797
0.869431
0.815253
0.744466
0.684200
0.869771
0.669599
0.888822
0.770532
0.748785
0.768029
0.800616
0.766374
0.541501
0.566658
0.536475
0.588042
0.550727
0.932832
0.837902
0.829023
0.816617
0.706496
0.634538
0.685028
0.735341
0.796359
0.772214
0.748076
0.695596
0.778557
0.906191
0.848658
0.621581
0.599703
0.667411
0.797675
0.808120
0.653900
0.605548
0.711003
0.667923
0.675524
0.755282
0.612482
0.603823
0.661154
0.671946
0.954825
0.810807
0.896666
0.794270
0.786116
0.573454
0.590087
0.619316
0.677152
0.688617
0.481815
0.548043
0.521045
0.497425
0.637854
0.623008
0.624490
0.628631
0.642978
0.701339
0.612239
0.588162
0.545158
0.532404
0.584531
0.673307
0.691253
0.605982
0.621988
0.616317
0.674275
0.726533
0.764657
0.798336
0.885454
0.799132
0.685756
0.820667
0.752600
0.764852
0.570068
0.591751
0.559788
0.610996
0.648691
0.596067
0.735946
0.685676
0.599324
0.646665
0.520388
0.549043
0.512357
0.480667
0.589445
0.509138
0.575410
0.525554
0.618178
0.598411
0.680180
0.635090
0.630375
0.701610
0.643452
0.669741
0.850931
0.732444
0.738472
0.804347
0.735741
0.639672
0.629543
0.588870
0.546851
0.627286
0.609134
0.613873
0.683972
0.638835
0.571554
0.582439
0.659429
0.712484
0.773970
0.632807
0.626747
0.662748
0.687285
0.734299
0.658072
0.703808
0.701769
0.758684
0.824687
0.732078
0.828061
0.824998
0.837206
0.733734
0.578678
0.545818
0.549096
0.549696
0.571834
0.876652
0.984780
0.881594
0.899650
0.933269
0.593634
0.598298
0.617478
0.620187
0.590451
0.839055
0.793533
0.866663
0.873658
0.784439
0.594327
0.592363
0.571421
0.571815
0.588511
0.852485
0.842011
0.761827
0.781193
0.812063
0.558669
0.586939
0.509532
0.537936
0.566080
0.533379
0.714563
0.825699
0.627101
0.599938
0.736974
0.730058
0.622337
0.684972
0.676800
0.675030
0.693502
0.617888
0.672138
0.638157
0.704325
0.688356
0.667517
0.702051
0.641778
0.488817
0.510000
0.447195
0.491788
0.466166
0.497848
0.548377
0.503253
0.531359
0.525389
0.766468
0.757973
0.785615
0.831202
0.799331
0.685647
0.750066
0.900155
0.827594
0.762500
0.538327
0.570223
0.595042
0.609092
0.562415
0.589942
0.555758
0.535482
0.563095
0.644731
0.560341
0.593365
0.611773
0.611787
0.648008
0.567398
0.546264
0.629707
0.661675
0.830090
0.882108
0.863861
0.799326
0.526020
0.504235
0.533502
0.534955
0.627778
0.573531
0.560492
0.582722
0.626672
0.560578
0.691571
0.793656
0.733629
0.851153
0.871992
0.713140
0.668481
0.689780
0.751686
0.816023
0.634547
0.693765
0.672883
0.623170
0.561611
0.789656
0.780404
0.877069
0.807582
0.863825
0.511006
0.467953
0.487693
0.488119
0.511835
0.515565
0.492784
0.495808
0.524752
0.520823
0.525939
0.522777
0.545699
0.569175
0.596036
0.920318
0.772125
0.761624
0.760522
0.766125
0.655308
0.658490
0.700562
0.719687
0.755721
0.659306
0.603105
0.636004
0.650766
0.678261
0.804571
0.637539
0.622182
0.570290
0.605240
0.715763
0.622071
0.629054
0.633801
1.07780
1.09332
0.977033
1.01065
0.912265
0.813568
0.723637
0.555227
0.600825
0.664234
0.741080
0.742713
0.722365
0.912203
0.911165
0.649857
0.595313
0.579766
0.550215
0.562513
0.680030
0.651012
0.652544
0.656819
0.643620
0.719299
0.622496
0.602331
0.633155
0.657038
0.806913
0.985045
1.02328
0.898174
0.979187
0.668196
0.650628
0.648661
0.860332
0.786732
0.566309
0.589504
0.630467
0.652634
0.615284
0.735369
0.766354
0.767471
0.780479
0.792692
0.579784
0.574100
0.584445
0.595309
0.618837
0.719054
0.736597
0.793687
0.869770
0.929454
0.755944
0.673775
0.667638
0.714342
0.691426
0.609572
0.609070
0.731356
0.635693
0.525820
0.646247
0.623603
0.587288
0.635008
0.570230
0.755783
0.739553
0.807002
0.771119
0.995310
0.711937
0.706907
0.732821
0.704653
0.789192
0.586637
0.637383
0.653005
0.661465
0.618611
0.742597
0.701972
0.767452
0.807991
0.808663
0.782634
0.719361
0.622867
0.705466
0.639711
0.565595
0.574780
0.562542
0.579856
0.585060
0.744229
0.643793
0.756581
0.684445
0.796778
0.729176
0.608662
0.641608
0.634619
0.644379
0.804535
0.765845
0.740807
0.692615
0.713416
0.764540
0.743294
0.720441
0.866298
0.900612
0.596931
0.634845
0.629432
0.631371
0.617461
0.583073
0.516441
0.532002
0.539667
0.550669
0.585265
0.530320
0.675306
0.754135
0.715438
0.645434
0.641367
0.605265
0.671830
0.554954
0.651716
0.614273
0.619441
0.708329
0.580450
0.508452
0.508005
0.486054
0.579938
0.610921
0.786163
0.813258
0.830548
0.885804
0.857390
0.758491
0.757756
0.727674
0.818400
0.793727
0.662701
0.683576
0.697350
0.816811
0.801364
0.752654
0.725884
0.664902
0.775060
0.767531
0.640769
0.639893
0.582167
0.591382
0.579996
0.718386
0.782989
0.689979
0.690563
0.746523
0.582122
0.567237
0.576971
0.615275
0.616448
0.505646
0.470000
0.451835
0.499169
0.511760
0.985320
0.905819
0.835466
0.788826
0.759563
0.589576
0.620975
0.588633
0.610382
0.528564
0.636130
0.587157
0.535830
0.593034
0.596942
0.610382
0.630444
0.603591
0.644938
0.599922
0.573953
0.614291
0.588776
0.619693
0.689937
0.654727
0.588204
0.622925
0.573033
0.580336
0.720710
0.677635
0.678334
0.780268
0.796436
0.517575
0.553098
0.571953
0.660598
0.595116
0.729148
0.712117
0.710033
0.777741
0.630579
0.651041
0.602705
0.695898
0.665472
0.531920
0.561390
0.590706
0.581494
0.577917
0.587209
0.580324
0.540287
0.534267
0.534011
0.772721
0.861127
0.834534
0.802403
0.784492
0.654809
0.655402
0.636709
0.665562
0.677724
0.744064
0.838630
0.837618
0.865563
0.835158
0.687090
0.719522
0.802653
0.849117
0.586259
0.725544
0.629127
0.742653
0.868976
0.789230
0.782375
0.788740
0.810118
0.931427
0.801386
0.856338
0.820626
0.899308
0.815459
0.784239
0.745256
0.702180
0.718973
0.664847
0.754587
0.699761
0.676166
0.689154
0.645578
0.599468
0.591197
0.615713
0.563982
0.592935
0.775722
0.755221
0.735223
0.779756
0.683492
0.624347
0.577582
0.651739
0.613180
0.605865
0.640942
0.608026
0.605308
0.665873
0.631112
0.658889
0.655098
0.689339
0.669830
0.633206
0.770767
0.716167
0.706605
0.696072
0.676996
0.568835
0.562454
0.549008
0.675631
0.594317
0.530401
0.617268
0.623066
0.540296
0.636324
0.608596
0.558105
0.633354
0.626839
0.650240
0.612398
0.660538
0.624978
0.669016
0.681215
0.605456
0.582518
0.601179
0.617712
0.580085
0.611845
0.621334
0.715380
0.690678
0.680899
0.717409
0.718591
0.743432
0.739779
0.585774
0.571860
0.567073
0.594802
0.611988
0.659971
0.596429
0.590468
0.633789
0.589087
0.752744
0.518504
0.516641
0.521015
0.521391
0.488023
0.897140
0.878103
0.913368
0.968117
0.969067
0.879643
0.718493
0.674319
0.729285
0.700972
0.669427
0.647461
0.642354
0.810398
0.824746
0.581327
0.615747
0.583140
0.692955
0.672046
0.739843
0.716330
0.681752
0.699927
0.651117
0.547363
0.577814
0.525539
0.606252
0.628626
0.770930
0.781636
0.748059
0.650776
0.645515
0.648873
0.633163
0.678333
0.790371
0.726707
0.654630
0.667128
0.687676
0.718603
0.894156
0.732628
0.727028
0.693765
0.800493
0.793953
0.685182
0.614661
0.651030
0.624285
0.718471
0.649889
0.657076
0.702636
0.678844
0.669336
0.840897
0.793985
0.763545
0.778907
0.822949
0.546605
0.560370
0.543507
0.640183
0.616728
0.769162
0.804752
0.808293
0.886718
0.891900
0.735287
0.678189
0.653849
0.662207
0.621652
0.475123
0.478222
0.535595
0.566842
0.511006
0.772470
0.677946
0.654019
0.709162
0.718792
0.950385
0.937450
0.877102
1.03793
1.02429
0.574547
0.573989
0.560449
0.599722
0.503245
0.562908
0.536432
0.572238
0.551976
0.524258
0.716832
0.685921
0.700092
0.718941
0.706514
0.740863
0.636727
0.596507
0.668484
0.693505
0.739184
0.846246
0.779763
0.847644
0.834673
0.827892
0.846790
1.00183
0.989983
0.892793
0.819881
0.774409
0.743459
0.800541
0.846924
0.698574
0.673132
0.682243
0.627385
0.584050
0.896475
1.03724
1.03261
0.934184
0.857674
0.590046
0.543063
0.531066
0.581017
0.602566
0.770277
0.770108
0.788068
0.847255
0.895963
0.652525
0.772260
0.702977
0.773354
0.658262
0.646212
0.694228
0.689494
0.710749
0.709133
0.592530
0.593876
0.566611
0.628561
0.607333
0.599246
0.620160
0.609754
0.563913
0.588172
0.609555
0.643652
0.614716
0.636221
0.578975
0.793799
0.930748
0.963967
1.06471
0.907067
0.951148
0.849272
0.851893
0.813306
0.778578
0.622501
0.737763
0.693576
0.716210
0.888548
0.812169
0.797025
0.762282
0.818827
0.856236
0.839944
0.834467
0.905888
0.770732
0.628149
0.619133
0.587087
0.677127
0.782801
0.897347
0.737962
0.703581
0.783162
0.727536
0.666224
0.677922
0.790161
0.847461
0.725787
0.673021
0.677583
0.604817
0.601323
0.596830
0.854600
0.826367
0.877450
0.977610
0.831531
0.916686
0.852878
0.839725
0.886142
0.870220
0.596304
0.570551
0.579969
0.614166
0.789703
0.763671
0.716656
0.732516
0.696343
0.663740
0.704949
0.803544
0.942436
0.838321
0.842661
0.780776
0.714847
0.586118
0.729749
0.711591
0.675752
0.645300
0.691840
0.671674
0.691108
0.712852
0.674212
0.506564
0.553254
0.514108
0.532828
0.560944
0.910079
0.826949
0.833569
0.896957
0.928869
0.651773
0.738878
0.749943
0.697358
0.743598
0.801419
0.712696
0.797247
0.926189
0.911452
0.681520
0.738112
0.739605
0.764018
0.795968
0.527895
0.498343
0.512669
0.521226
0.500065
0.550985
0.496432
0.510351
0.547984
0.517633
0.556155
0.607995
0.609186
0.662755
0.599677
0.552784
0.620773
0.603342
0.612646
0.545538
0.638690
0.548763
0.556875
0.673520
0.599162
0.594989
0.565721
0.559406
0.594227
0.560685
0.673754
0.641506
0.661507
0.683008
0.643004
0.972666
0.942710
0.900684
0.894794
0.857722
0.756855
0.786971
0.750654
0.796273
0.797417
0.505307
0.488951
0.507882
0.593262
0.524268
0.801848
0.843387
0.794603
0.866839
0.903987
0.791029
0.716249
0.687558
0.720308
0.742748
0.719863
0.708157
0.733840
0.760723
0.711781
0.841445
0.808179
0.800000
0.837767
0.897878
0.626457
0.655433
0.616219
0.574763
0.549833
0.726499
0.674164
0.656755
0.644082
0.653413
0.927824
0.793948
0.727101
0.693172
0.784314
0.600204
0.675000
0.674646
0.785873
0.764672
0.754439
0.814951
0.824820
0.810378
0.900180
0.786893
0.708803
0.753444
0.684941
0.765421
0.742619
0.771826
0.710137
0.782817
0.783112
0.752043
0.768335
0.815823
0.754433
0.725277
0.641207
0.641347
0.666261
0.691449
0.673992
0.779052
0.781861
0.828906
0.797767
0.745846
0.679489
0.654043
0.643192
0.656617
0.663800
0.800503
0.837997
0.860295
0.933316
0.840671
0.925651
0.846100
0.909651
0.898560
0.687621
0.959331
0.851874
0.736880
0.793931
0.763849
0.658479
0.726330
0.779090
0.858883
0.971598
0.713215
0.684879
0.710526
0.655538
0.662014
0.544560
0.530494
0.517025
0.659842
0.699874
0.749623
0.693989
0.642601
0.707430
0.645793
0.593523
0.595749
0.697870
0.697625
0.750544
0.707466
0.672938
0.702574
0.662076
0.605120
0.580987
0.671278
0.645173
0.603233
0.615973
0.627237
0.679248
0.573202
0.639181
0.658864
0.656910
0.655813
0.818260
0.856408
0.584323
0.608187
0.600398
0.628308
0.635346
0.604579
0.550561
0.584676
0.662145
0.693207
0.669916
0.639027
0.669127
0.684969
0.678802
0.552817
0.592814
0.717633
0.620611
0.650887
0.683573
0.725585
0.643867
0.604838
0.637757
0.859979
0.750230
0.706183
0.722172
0.748993
0.702726
0.678504
0.670052
0.705005
0.868733
0.565199
0.645347
0.770416
0.706558
0.855598
0.636466
0.614399
0.716703
0.703465
0.720941
0.801423
0.732587
0.667854
0.665682
0.723577
0.761713
0.679168
0.689633
0.657687
0.582680
0.797777
0.760931
0.822937
0.832022
0.913621
0.662356
0.622773
0.642869
0.691035
0.660210
0.649539
0.660190
0.727194
0.685977
0.642850
0.569036
0.657242
0.601664
0.643672
0.628389
0.712769
0.625631
0.682829
0.638636
0.672105
0.646798
0.603265
0.542463
0.551874
0.590407
0.668750
0.703466
0.777920
0.763152
0.808818
0.813460
0.888445
0.879149
0.673067
0.891815
0.859990
0.868624
1.04942
0.857068
0.874884
0.768522
0.873674
1.05277
0.724740
0.736740
0.720315
0.805236
0.778169
0.786638
0.776470
0.780656
0.837380
0.815884
0.709518
0.764143
0.744351
0.773189
0.768915
0.623437
0.635952
0.693495
0.778176
0.822477
0.755646
0.695733
0.796445
0.633418
0.581931
0.594425
0.601023
0.587593
0.740175
0.721233
0.693626
0.715258
0.698398
0.701408
0.693993
0.721599
0.654869
0.626827
0.887234
0.888102
0.877197
0.873236
0.842900
0.619798
0.590209
0.601080
0.588630
0.587681
0.655064
0.582920
0.720315
0.603610
0.622124
0.808032
0.751149
0.816830
0.967190
1.00987
0.569401
0.542456
0.543875
0.532974
0.496932
0.509307
0.505960
0.528542
0.870247
0.885639
0.921533
1.03690
0.945080
0.681521
0.640103
0.574261
0.636812
0.627989
0.641216
0.730518
0.724352
0.712010
0.714695
0.559935
0.532956
0.590644
0.607035
0.633410
0.831130
0.768841
0.837134
0.727807
0.745619
0.874121
0.900340
0.962703
0.918812
0.926223
0.714340
0.710008
0.794035
0.792468
0.732382
0.918380
0.879209
0.836893
0.822571
0.732940
0.782606
0.829284
0.913456
0.988149
0.715587
0.731357
0.793068
0.712314
0.660036
0.573322
0.611556
0.587610
0.655020
0.646165
0.697521
0.746707
0.805835
0.771884
0.841795
0.678239
0.647011
0.648279
0.639434
0.631483
0.679645
0.646306
0.684695
0.642943
0.667007
0.758761
0.708462
0.671536
0.713645
0.692816
0.539465
0.539078
0.593077
0.517186
0.524551
0.911255
0.879377
0.958507
0.918793
0.906172
0.771855
0.857138
0.751463
0.717231
0.731488
0.762338
0.857656
0.906824
0.891650
0.920351
0.732077
0.599404
0.688099
0.641987
0.660619
0.521255
0.513305
0.515827
0.580301
0.548724
0.801729
0.790523
0.874937
0.820401
0.818735
0.632728
0.584057
0.631590
0.617401
0.604793
0.731245
0.692530
0.737103
0.756645
0.752136
0.987290
0.923373
0.947601
0.909961
0.837930
0.784585
0.821084
0.792614
0.767065
0.790614
0.850777
0.893774
0.929131
0.936456
0.886551
0.657676
0.627392
0.703466
0.752544
0.811863
0.708410
0.599166
0.655994
0.674295
0.680639
0.804900
0.792010
0.813053
0.817938
0.763774
0.695928
0.686455
0.713834
0.692465
0.745916
